Date,Predicted_Index_Var,Predicted_Corr,Predicted_Var,Future_Beta_45d_BAC,Predicted_Covariance,Future_Cov_45_BAC,Beta_Predicted
2013-02-28,5.497886498863307e-05,0.5747092933010052,0.00028828022093570286,1.2082365787039608,7.23524976715062e-05,6.617357598046137e-05,1.3160056630209656
2013-03-01,5.488021190183326e-05,0.5781115169432669,0.0002927618220960181,1.227178054170357,7.327852717363397e-05,6.714704796159201e-05,1.3352449750870243
2013-03-04,5.501029900576039e-05,0.5815993731948986,0.0002862889674285244,1.2207585405777832,7.298745805095395e-05,6.67416311825876e-05,1.3267962430691584
2013-03-05,5.845535101370509e-05,0.5956945251112258,0.00029298145914887327,1.2236481268612591,7.795712490899629e-05,6.55811448215197e-05,1.3336182839911255
2013-03-06,5.9250468430820016e-05,0.5938152714050389,0.0003119891984348586,1.231727415196909,8.07359640767503e-05,6.646922720980559e-05,1.3626215321996387
2013-03-07,5.369174155549812e-05,0.5715348323954421,0.000316947629984354,1.2290651789961735,7.455730539309064e-05,6.64333474099593e-05,1.3886177507582795
2013-03-08,4.524810700565277e-05,0.5786422612208032,0.0003046105753501983,1.257206641765039,6.793332084423764e-05,6.768145814324328e-05,1.5013516661757993
2013-03-11,4.8373919939468494e-05,0.591453051457319,0.00030926189214546435,1.3079707465409207,7.234176855757425e-05,7.266608115522196e-05,1.4954704652444402
2013-03-12,5.1431479865635213e-05,0.6057328637708166,0.00042984520892851207,1.294426706764937,9.006409560365078e-05,7.199874916794174e-05,1.7511472708726894
2013-03-13,5.5261000285198275e-05,0.6188932473910879,0.0005554836645758825,1.2956607483699174,0.0001084328221347036,7.314509903391843e-05,1.962194342756902
2013-03-14,6.195858588029715e-05,0.617487968102828,0.0005918293034042495,1.2752663476913766,0.00011824355560100382,7.353289224891714e-05,1.9084288952212078
2013-03-15,6.386120353979619e-05,0.6216049465485994,0.0005864047656700196,1.4010148820143562,0.00012029061821900293,7.91957872077863e-05,1.8836259192021303
2013-03-18,6.402550064969363e-05,0.6184665450036521,0.000585071098149993,1.4239044141553576,0.00011970079261854202,7.884052807995707e-05,1.8695799549224579
2013-03-19,6.71640875084588e-05,0.6201661167634189,0.0006088474036936393,1.4425364081513692,0.0001254096116976173,8.205835392442198e-05,1.867212320599501
2013-03-20,6.839791392936718e-05,0.6198507614633886,0.0006208971877162241,1.4536053484128415,0.00012773750042807815,8.231587038027981e-05,1.867564273378125
2013-03-21,6.814178529168062e-05,0.6373425274282729,0.0005771132105495694,1.4368284024693532,0.00012638925677314403,7.825747300919516e-05,1.8547981423165736
2013-03-22,6.79733209422515e-05,0.6418347903738567,0.000515860538191761,1.4691657615102214,0.00012018732019885527,7.92758254879441e-05,1.7681543072018435
2013-03-25,7.243408887933498e-05,0.6423625310000992,0.0004322473485297813,1.3892313196565351,0.00011366267438721759,7.596320987777672e-05,1.569187604148147
2013-03-26,7.339742545776695e-05,0.6461552804915379,0.0004157289980209652,1.4677232934416475,0.00011287102536441909,7.898302481853088e-05,1.5378063284980663
2013-03-27,7.311742529462491e-05,0.6458025009052194,0.0004031238180414921,1.4171913163074803,0.00011087391856244744,8.411493523020273e-05,1.5163816028215387
2013-03-28,6.422356192814954e-05,0.64907530745094,0.0003848964622273911,1.3956798184755643,0.00010205028962691333,8.334536064227351e-05,1.5889852036092709
2013-04-01,6.678777769649997e-05,0.6534188189963374,0.00037567574667852626,1.4182408539436415,0.00010350151670452916,8.499215771831576e-05,1.5497074505887203
2013-04-02,6.451960799026473e-05,0.6581798335672856,0.0003645515504790421,1.435263799706516,0.00010094153538960245,9.272907473579772e-05,1.5645094341681893
2013-04-03,6.836168011312682e-05,0.6634861983043758,0.00037780863179985325,1.3615768218683943,0.00010662871981364277,8.626907630104531e-05,1.5597732477784423
2013-04-04,6.901245142532413e-05,0.6643459173709872,0.00037560153777309107,1.338892240874749,0.00010696007001327172,8.8596421158221e-05,1.5498662604241689
2013-04-05,6.697476452894188e-05,0.6655366691986536,0.00036141045237111555,1.3577060109575092,0.00010354471591013888,8.885328103246967e-05,1.5460258298540788
2013-04-08,7.273438811092278e-05,0.6640940459278796,0.0003619545728011023,1.338158040941551,0.00010775229159156338,9.06610988530107e-05,1.481449069554788
2013-04-09,7.022991067372413e-05,0.6632265941980823,0.000331441993555802,1.3213864288332242,0.0001011874744840005,9.182029627643882e-05,1.4408031209679277
2013-04-10,6.636144982931065e-05,0.6602204562337513,0.00031852954900966625,1.3197634715202804,9.598906747341561e-05,9.396772855731538e-05,1.4464582633488363
2013-04-11,6.716170407401359e-05,0.6538349970393594,0.00029598450899967173,1.333596722113285,9.218568925872885e-05,9.622147155525022e-05,1.3725930651958789
2013-04-12,6.98842565011876e-05,0.6659128855540923,0.00029811673797036664,1.327309275718461,9.611701466819239e-05,9.697863069553068e-05,1.375374361556798
2013-04-15,9.593981606210937e-05,0.6801451908127721,0.00030510578249165883,1.448447215971582,0.00011636604974356212,8.742289250849814e-05,1.2129067421624953
2013-04-16,8.836558039441448e-05,0.6795049156936539,0.0003164513405853701,1.3553873062579695,0.00011362859583582841,8.314575938578169e-05,1.2858920331723502
2013-04-17,8.959564094882932e-05,0.6753550319892935,0.00036704122278426155,1.1271499400234606,0.00012247092611433681,8.010444888747654e-05,1.366929515960308
2013-04-18,9.719405369416862e-05,0.6821567506905319,0.0003430241430989456,1.1023009677570157,0.00012455649341374826,7.73227380393762e-05,1.2815238039734247
2013-04-19,7.72897485213767e-05,0.6725492149212147,0.0003341097807256579,1.1571622713326903,0.0001080760869045827,8.397297542078095e-05,1.398323697154884
2013-04-22,7.797978274745508e-05,0.6663547525989079,0.0003221474039636465,1.2082720500322484,0.00010561456824459277,8.959398926742348e-05,1.3543839765062642
2013-04-23,8.499754389235151e-05,0.6617411663537762,0.00032585613913744274,1.142525443829611,0.00011012965901335248,8.44992559812972e-05,1.2956804864012368
2013-04-24,7.773768893068322e-05,0.6624334396380887,0.0003227829562229324,1.1610134166206258,0.00010493330641590156,8.665301083353363e-05,1.3498382555399608
2013-04-25,6.90805921567358e-05,0.663151669927839,0.00029678768019475953,1.1651736492831986,9.495412323072756e-05,8.712992013200782e-05,1.3745412461909379
2013-04-26,7.034557142953508e-05,0.6686579680601235,0.0002651023667381997,1.162238178666933,9.131228435660278e-05,8.758906361465345e-05,1.298053061493288
2013-04-29,6.776168711759701e-05,0.6685623652258427,0.0002607615415182865,1.185085305345556,8.887012697889782e-05,8.827679049722678e-05,1.3115099514076174
2013-04-30,5.8041023931509805e-05,0.6724818343440833,0.00023777950895238864,1.1906641641738478,7.900149374800579e-05,8.856948952761773e-05,1.3611319786713272
2013-05-01,6.311211636341748e-05,0.6713982488778134,0.00024651551183807826,1.1922151345961618,8.374496438045442e-05,8.923934529684934e-05,1.3269237225103836
2013-05-02,6.214021471172626e-05,0.6768954715214064,0.00024795671038514954,1.227210982899393,8.402256133683991e-05,9.049137869074936e-05,1.352144689660757
2013-05-03,7.476459886581012e-05,0.6825540148691477,0.00024829363180007863,1.2735605008262585,9.299676038533773e-05,9.256154672528799e-05,1.2438608886573614
2013-05-06,7.535412832838797e-05,0.6798638507841004,0.00029056838422645594,1.2438047219086257,0.000100600387650393,9.02790873269536e-05,1.3350348531932268
2013-05-07,7.392273390092128e-05,0.6843960580216528,0.0002854182720669694,1.224782760543112,9.941167601539271e-05,9.300992281842896e-05,1.3448051873816558
2013-05-08,6.958015556766957e-05,0.6850067241888566,0.0002803342827338009,1.2198160155089122,9.566997011588194e-05,9.220438893544128e-05,1.374960566491389
2013-05-09,7.111722928104653e-05,0.6905037175152431,0.0002645044232554588,1.2157052702489632,9.470434499477085e-05,9.184965331642301e-05,1.3316652793166468
2013-05-10,7.562958883543677e-05,0.7122962744549508,0.00024461487046071294,1.2040108684683282,9.688308735451532e-05,9.130532077923103e-05,1.28102094492837
2013-05-13,7.357910230951406e-05,0.7246928767330366,0.00023729871823131577,1.218127527989831,9.575885206027778e-05,9.248107399689699e-05,1.3014408854495605
2013-05-14,7.590263764609063e-05,0.7265711317158244,0.00024785083608429086,1.212824757520919,9.965561337446626e-05,9.013034434283928e-05,1.3129400566964227
2013-05-15,7.650099964197039e-05,0.7256063652324933,0.00024525386488486454,1.2119503682345143,9.938997215025347e-05,8.945350935309225e-05,1.299198345321041
2013-05-16,7.639729836462006e-05,0.7238311897379398,0.00024866522406966264,1.2121619333437397,9.976628941867015e-05,8.879659703458667e-05,1.3058876629709772
2013-05-17,7.425705624970095e-05,0.7225429714164936,0.00024425408898762983,1.2349724213180089,9.73091023890326e-05,8.826950108683044e-05,1.310435766020882
2013-05-20,7.217439206379002e-05,0.7204362636700143,0.0002208193159543477,1.2512738482751444,9.095061970559367e-05,8.986958873409776e-05,1.2601508250351263
2013-05-21,7.13709588975209e-05,0.7229307170730281,0.00022006291717485205,1.2569550785422705,9.060055892014113e-05,9.037476661670643e-05,1.2694317173212055
2013-05-22,7.35750525384875e-05,0.7211431330743909,0.00022080889664291388,1.2491652100309545,9.191683180686458e-05,8.811501053255851e-05,1.249293457979964
2013-05-23,7.454058968752127e-05,0.7186180374617832,0.000224129974168436,1.2569199963380149,9.288476710029973e-05,8.869759722812251e-05,1.246096489036086
2013-05-24,7.630250921850573e-05,0.7083333746964737,0.00022415659484109173,1.2578849732251902,9.263665725001027e-05,8.872393722354797e-05,1.2140709158689502
2013-05-28,7.438631671877e-05,0.7029028961466114,0.0002285610958207476,1.2596792911948422,9.165222549967656e-05,8.795455766180235e-05,1.23211135518624
2013-05-29,7.273626036607267e-05,0.6976734819698395,0.00023066378870710807,1.323369265661796,9.03685702008466e-05,9.453382640177908e-05,1.242414302660498
2013-05-30,7.309916508279677e-05,0.6919219651397398,0.00024104990404650933,1.301159100615486,9.18473874031555e-05,9.271291330028353e-05,1.2564765589199727
2013-05-31,7.696255068093324e-05,0.6907231713099069,0.0002577007507867868,1.3332043664289246,9.727507929512677e-05,8.805482741266e-05,1.2639274352847791
2013-06-03,7.835861755638394e-05,0.6938893793706816,0.00025488477055991013,1.3676346380872515,9.806308831777929e-05,9.097680980492499e-05,1.2514652679677094
2013-06-04,7.696792659140356e-05,0.690509177864912,0.0002592946548859441,1.3570893013825551,9.754862029523486e-05,8.981302001711689e-05,1.267393115746604
2013-06-05,8.390672708275947e-05,0.6952317765190922,0.00027814573300777214,1.344656815835643,0.00010620970568787894,8.23060834368318e-05,1.2658067997709104
2013-06-06,8.864935953499249e-05,0.6996385665215475,0.000272752051168775,1.3703324094712148,0.00010879164787310771,8.236532989430645e-05,1.2272130159063865
2013-06-07,8.584609796353898e-05,0.7033945418223789,0.00028327457545588376,1.393756033202189,0.00010968899880244133,7.939260106016304e-05,1.2777400651224595
2013-06-10,7.344670994631798e-05,0.7157312984292055,0.0002765341602346385,1.3938148131090609,0.00010200244356492428,7.955771907665666e-05,1.3887952726470338
2013-06-11,7.540176794643908e-05,0.7268593840754977,0.0002677209219010153,1.3629314236694283,0.00010327193682228948,7.504940110775558e-05,1.3696222202063977
2013-06-12,7.564969572692771e-05,0.7342092011043985,0.0002634505760679451,1.3903912034270918,0.00010365087957423526,8.09064985875126e-05,1.37014271608419
2013-06-13,7.668406692361186e-05,0.7401993750828411,0.00027091864055368115,1.442585506314327,0.00010668926586041907,7.734346388712555e-05,1.3912833544248067
2013-06-14,7.978958283363962e-05,0.743522639298241,0.0002769752006812612,1.4655040605615763,0.00011053192580718755,7.861159987344753e-05,1.3852926896189615
2013-06-17,6.406673037804978e-05,0.7414204572170721,0.00026691197106252964,1.4748460800044,9.69538080122629e-05,7.795472841741478e-05,1.5133253631042285
2013-06-18,5.269216623890948e-05,0.7249898697066305,0.0002569702787168174,1.4755969511002334,8.43619117105026e-05,7.72091440007336e-05,1.6010332793683328
2013-06-19,5.313666894497608e-05,0.725740763086968,0.0002470738746297998,1.5590840183055188,8.315571322209118e-05,7.750782969070435e-05,1.5649402733204885
2013-06-20,6.610900161714408e-05,0.7391530230188921,0.00021383119679489323,1.7943780798114837,8.788205222044351e-05,6.244347347791394e-05,1.3293507702535476
2013-06-21,6.524441916700448e-05,0.7405114033866934,0.00021266425338302165,1.7685057509319666,8.72269492232967e-05,6.205766894724866e-05,1.3369258296257356
2013-06-24,5.5679700730278476e-05,0.7434660563517439,0.0002337304207677671,1.677677964189345,8.481393475416704e-05,6.297239496976679e-05,1.5232469578997836
2013-06-25,5.683904438603972e-05,0.7451094558271357,0.00025631351891219304,1.5986238143415483,8.993509862068064e-05,5.746650430586463e-05,1.5822767534559337
2013-06-26,5.616484134519195e-05,0.7496042672976799,0.00024963332900660714,1.6594174125479868,8.875965440480978e-05,5.650915104311945e-05,1.5803419413096615
2013-06-27,5.600093181678947e-05,0.7519096133811382,0.00025470743991923403,1.627942790379023,8.980160102199224e-05,5.484423033409906e-05,1.6035733354541986
2013-06-28,5.651835513949762e-05,0.7507768250609983,0.00025833076485578437,1.6101088322848145,9.071804454341707e-05,5.4089180734662815e-05,1.6051076560793105
2013-07-01,4.0959150997653995e-05,0.7476738983385974,0.00024761422422104516,1.5793427010500942,7.529662095615189e-05,5.416887191627752e-05,1.838334514318049
2013-07-02,4.708768430286185e-05,0.7397488935757818,0.00023969898603905647,1.5771284498752027,7.859068773857055e-05,5.402163155179225e-05,1.6690285135511334
2013-07-03,4.5307854285029834e-05,0.7314790833273865,0.00025743660848172496,1.5763808474048129,7.899940351830726e-05,5.3995380450325846e-05,1.743613878099927
2013-07-05,5.048108536897671e-05,0.7228344046687272,0.0002725162270023562,1.5312031144699805,8.478115740753675e-05,5.166918726647852e-05,1.6794638385417768
2013-07-08,5.858594159480322e-05,0.7133337997687439,0.00029185499728763716,1.492697897189543,9.327667933135753e-05,5.1041388525003194e-05,1.5921341672117377
2013-07-09,6.185296409698371e-05,0.7099625979995305,0.0002850218781448988,1.456741221257663,9.426594530643973e-05,4.85847181765673e-05,1.5240327878003286
2013-07-10,6.043816195282401e-05,0.7257453943307807,0.0002308377625782531,1.4742992410478393,8.572220635579372e-05,4.951120059243628e-05,1.4183456873275793
2013-07-11,6.428746384905295e-05,0.7255143718102319,0.00022919363626762676,1.575652189467299,8.806644063281544e-05,4.685555523462617e-05,1.369885127831385
2013-07-12,6.999194674271863e-05,0.7193006201875758,0.00023044255865976792,1.5447124469408913,9.135152791555643e-05,4.698241187047626e-05,1.3051719828761565
2013-07-15,7.060701256657018e-05,0.7203883035695777,0.0002287314513702997,1.5244212650529212,9.154898085995767e-05,4.652456264986592e-05,1.2965989854569027
2013-07-16,3.5042919617133015e-05,0.7031189787634915,0.0002172134203432607,1.4992595780304796,6.134402794391522e-05,4.921960065070196e-05,1.7505398697979262
2013-07-17,3.792838595062833e-05,0.6825336955727338,0.00021982808969375675,1.4756981946224768,6.232293110409955e-05,4.851644478472687e-05,1.6431738272550218
2013-07-18,3.7451029819475974e-05,0.6690921158366677,0.00021571712885289806,1.3496814209860188,6.013954115650553e-05,4.824892716113619e-05,1.6058180895530583
2013-07-19,4.0860668714576163e-05,0.6628834846798932,0.0002104595232520936,1.393445976042612,6.14715586494323e-05,5.046437117455307e-05,1.5044188111268881
2013-07-22,3.950888193740232e-05,0.6579737924992003,0.00020532899495523448,1.3802639217820445,5.926265528480084e-05,5.005605044850307e-05,1.4999831019945413
2013-07-23,3.3171208880188284e-05,0.6950172676149525,0.00019426758652590174,1.3717185746843257,5.5792576379422526e-05,4.986619573135483e-05,1.6819578864593325
2013-07-24,3.471216593235655e-05,0.7169799672885072,0.00019032462418084635,1.3303999933715138,5.8276755988449334e-05,4.836979766761616e-05,1.678856804902725
2013-07-25,3.488954269695917e-05,0.7330257526160969,0.00018441371357145946,1.3371023007532827,5.879812508007337e-05,4.911305319598983e-05,1.6852649973310765
2013-07-26,3.343176772700175e-05,0.7427028788877665,0.0001789459680716558,1.337808357638176,5.744546331515083e-05,4.994164767436815e-05,1.7182897352075703
2013-07-29,3.360094972876798e-05,0.750425298060774,0.00017639054704597648,1.3114508902108255,5.777246476632634e-05,5.054329897079559e-05,1.7193699949755747
2013-07-30,3.816574763863081e-05,0.7635230888613637,0.0001696021856265062,1.3031981342504535,6.142918933321085e-05,5.025658036652347e-05,1.609537167065296
2013-07-31,3.750748633018741e-05,0.7685625897562514,0.00016398928941430642,1.2564927628601767,6.0276213561985645e-05,5.087225993306633e-05,1.6070448718253114
2013-08-01,4.226173154810077e-05,0.7756550076538837,0.00017255454439908682,1.164134741683328,6.623773065489917e-05,4.5106943488235663e-05,1.5673217406984328
2013-08-02,4.130983358011611e-05,0.7781598955356401,0.00017094260118278743,1.202121758523134,6.539141292695943e-05,4.8362751566509625e-05,1.5829502871305354
2013-08-05,3.7225611971094185e-05,0.7715002416292348,0.00017179333714364614,1.164909255360954,6.169644601562138e-05,5.012963786515122e-05,1.6573655273559742
2013-08-06,4.1983018398946586e-05,0.7741178823173973,0.00016311454139722695,1.1632823608995682,6.406049191222644e-05,4.9425112493364045e-05,1.5258667517301188
2013-08-07,4.81253999850549e-05,0.7741019071103098,0.00015376464619211083,1.191786962978045,6.659069691427379e-05,6.303814440675685e-05,1.3836912926428289
2013-08-08,4.5117615842124565e-05,0.7654224394901202,0.0001458246517298813,1.1623172091483458,6.208543595850478e-05,6.22112510423258e-05,1.3760797151993573
2013-08-09,4.7210405389653165e-05,0.7559489301678755,0.0001451258645358694,1.164865887892004,6.257253235555592e-05,6.249747475761649e-05,1.3253970568375923
2013-08-12,4.729046229109182e-05,0.7452861410330469,0.00014318441889382718,1.1607259021380598,6.132784521306018e-05,6.368387492452106e-05,1.2968332776187008
2013-08-13,5.1414947954433665e-05,0.7583486569695022,0.0001393825609969726,1.1906729431397725,6.419745953171568e-05,7.017985783148917e-05,1.248614694477771
2013-08-14,5.361675369996386e-05,0.7631236481900967,0.00013563668291581167,1.216606269706796,6.507793290979924e-05,7.190951013362978e-05,1.2137611552159882
2013-08-15,5.120699157562921e-05,0.7690445118067167,0.00013938975719023073,1.1839140018759275,6.497279338244176e-05,6.494375635188387e-05,1.268826607133938
2013-08-16,4.9139520575593413e-05,0.752828965861477,0.00014939604838209327,1.208458623998221,6.450321081482406e-05,6.578824428832694e-05,1.3126544593693386
2013-08-19,5.1240075352845624e-05,0.745093989130404,0.00016424334087013207,1.1647605241101049,6.835335326019298e-05,6.239362218662797e-05,1.333982293927227
2013-08-20,5.687877447837599e-05,0.7603015891696601,0.00015669270163207148,1.1941521973809577,7.177701573030851e-05,6.461645076609046e-05,1.261929716112229
2013-08-21,5.746511661394483e-05,0.7597756560105541,0.00015426685223176057,1.2300687143096791,7.153586441072528e-05,6.512020901383976e-05,1.244857204263742
2013-08-22,5.43081375808944e-05,0.7582243154915633,0.00015377188003084982,1.2109802009363904,6.928969099239204e-05,6.274724760359186e-05,1.2758620361300725
2013-08-23,4.6628310947370826e-05,0.7237947748810137,0.00016937146736101531,1.2125813497387472,6.432212898570954e-05,6.271148643264522e-05,1.3794651292067954
2013-08-26,5.7057237442025364e-05,0.7134670874097813,0.00020537901240658856,1.1977972885579975,7.723378956188564e-05,6.167559887708422e-05,1.3536195060330642
2013-08-27,6.26349019454684e-05,0.7213478682810524,0.0001949859896392519,1.1215171439618732,7.971768112020497e-05,5.077763171409795e-05,1.272735785387024
2013-08-28,6.352118414260544e-05,0.7217233758042744,0.0001825063326121859,1.1431408160006074,7.770859085896167e-05,5.2179217003056125e-05,1.2233492166094608
2013-08-29,6.345432123592429e-05,0.7211047991803953,0.0001819076676089103,1.1442761219947626,7.747373434590522e-05,5.2248620981535235e-05,1.2209370904442662
2013-08-30,6.533098257867051e-05,0.7234175442704398,0.0001776381617888365,1.1490178432508225,7.79321696479604e-05,5.1949426263193844e-05,1.1928822523695515
2013-09-03,6.741624909395761e-05,0.7242916582303751,0.00017655942772145557,1.1450160305569628,7.902076548376288e-05,5.215482450380461e-05,1.1721323352420887
2013-09-04,5.29054408502055e-05,0.7393269978011207,0.0002355169010985995,1.1501750165363356,8.252732597549768e-05,5.1542675478708926e-05,1.5599024344048562
2013-09-05,5.526096611110341e-05,0.748846251605725,0.00028676853138557076,1.1155505367186154,9.426872712122576e-05,5.499510287344151e-05,1.7058827189466137
2013-09-06,5.903493096893949e-05,0.755787784715157,0.0003287540548231683,1.241065845651106,0.0001052906865067832,6.528453532821033e-05,1.7835319662215006
2013-09-09,5.950680039687122e-05,0.7606474524240782,0.00035854267749030577,1.2437483557773978,0.00011110590557169795,6.356374823505719e-05,1.8671127472943367
2013-09-10,6.058865375686932e-05,0.7660831350446738,0.00038269507786425303,1.2414464808862713,0.0001166535584706474,6.26454771009856e-05,1.9253366965167407
2013-09-11,5.2548421709793746e-05,0.7670468572603028,0.0003310368383737967,1.2830091553768623,0.00010116723860156943,6.600916233497238e-05,1.9252193559738127
2013-09-12,5.463125330927889e-05,0.7676009848728164,0.0002977080934783383,1.280217949503427,9.789295221750286e-05,6.583257499430064e-05,1.7918855286608655
2013-09-13,5.629719144726608e-05,0.7593008273685565,0.00028363851422048673,1.285926062064805,9.594886431565687e-05,6.636527660298e-05,1.7043277266421497
2013-09-16,5.4138744378514925e-05,0.7644123616300644,0.0002555263239462559,1.2816382513582678,8.990826453541222e-05,6.62132716262051e-05,1.6607009558037054
2013-09-17,5.7555509167455784e-05,0.762520401104208,0.00023965555435622037,1.2556017824883423,8.955475852697129e-05,6.484775350711677e-05,1.5559719620656083
2013-09-18,6.204530316157312e-05,0.7638833518933381,0.0002254667231892137,1.2694688705586066,9.03488703999263e-05,6.273915337599265e-05,1.4561758230860349
2013-09-19,6.178297806302708e-05,0.778081986992943,0.00020241321144714888,1.3259830837819275,8.701201141133576e-05,6.692836468125642e-05,1.4083492596062885
2013-09-20,6.675064824066973e-05,0.8032239984818654,0.00018126752879531,1.3435708715281671,8.83536359874174e-05,6.314637890516731e-05,1.3236371228764403
2013-09-23,6.644616634370019e-05,0.7952487568483712,0.0001831589871594308,1.2860055956273488,8.773079806939201e-05,5.956081239027904e-05,1.3203289654905703
2013-09-24,6.687102886618699e-05,0.797946033452913,0.00017680825296454317,1.2818117793044663,8.67648438041996e-05,5.899431094976367e-05,1.2974952722474384
2013-09-25,5.221698153901886e-05,0.7714456912355305,0.00017480577498256599,1.2927696528907615,7.370367234097937e-05,5.89646922915278e-05,1.4114885649969002
2013-09-26,5.0374063840171386e-05,0.7561523129574117,0.00016886543353372216,1.3047567028637856,6.974019521610106e-05,5.948375997232401e-05,1.384446477007994
2013-09-27,5.122431082106018e-05,0.7488028006564192,0.0001689254139595788,1.2877710090440846,6.965511571387931e-05,5.81128037263224e-05,1.359805814805449
2013-09-30,5.1567877421329924e-05,0.7447930743114267,0.00016978213180691626,1.305571435821051,6.969012582856106e-05,5.8538350648678314e-05,1.3514251373808779
2013-10-01,5.3629225784131454e-05,0.7465217672906658,0.00016855084528825056,1.3144223119719196,7.097554019483089e-05,5.775288294200697e-05,1.323448906022285
2013-10-02,4.9785428743887e-05,0.7285983416488419,0.00016908519342940102,1.3505669445557318,6.684856570437587e-05,6.018211644952788e-05,1.3427335545962134
2013-10-03,5.1677659876475144e-05,0.7240906798174385,0.00016630172510961522,1.36095055992709,6.712630691103576e-05,5.9954974095777586e-05,1.2989424651094388
2013-10-04,4.988490741732951e-05,0.7189036434478345,0.0001571953771927105,1.3809520871295662,6.36612489988347e-05,5.9767088708888344e-05,1.2761625167759545
2013-10-07,5.300164613196136e-05,0.7259627476046018,0.0001601455152155727,1.3402045130867877,6.688310169873022e-05,5.5589792850150475e-05,1.261906121410029
2013-10-08,5.7418241986777646e-05,0.7304208206140975,0.00016039670331095587,1.4274827888437145,7.009641528364137e-05,5.8849542975294364e-05,1.2208039267343516
2013-10-09,4.671951297786224e-05,0.7281348386782197,0.00016154230083868516,1.4195391703130238,6.325634530830359e-05,5.9291170966703805e-05,1.353959861231371
2013-10-10,5.493659376391755e-05,0.7443984381022692,0.00017197588138922473,1.45607239511513,7.23552568186753e-05,4.772504934248038e-05,1.3170684940826884
2013-10-11,5.397060840252837e-05,0.7392699980601096,0.00017024166458689017,1.4828977921977389,7.086220580241382e-05,4.852349120288502e-05,1.3129777095322521
2013-10-14,5.390763459317086e-05,0.7408423028080194,0.00016995207811630915,1.469259934828559,7.09110882879451e-05,4.8386821423917994e-05,1.315418285797468
2013-10-15,5.553151341989191e-05,0.7432805917825039,0.0001703185759387207,1.5660304490736332,7.228589395301588e-05,5.77337712142311e-05,1.3017094168934065
2013-10-16,4.144281603770634e-05,0.7495537641062018,0.00017290699307952678,1.550463359380612,6.345030259836482e-05,5.18598649758314e-05,1.531032605039078
2013-10-17,4.1583055321708076e-05,0.7586166744987398,0.00017085958323953106,1.568290212337287,6.394406680471224e-05,5.137861754634258e-05,1.5377433502662994
2013-10-18,4.3823960134694674e-05,0.7485128067115717,0.00016383275944870882,1.6104848324606749,6.342426139069888e-05,5.2252029526894256e-05,1.4472508006068348
2013-10-21,4.4710412594374516e-05,0.754691906836762,0.00016265523406871338,1.6029985217178278,6.435881706369471e-05,5.202324417521703e-05,1.4394592518654672
2013-10-22,4.4371990394003997e-05,0.7536224704897829,0.0001576167265966399,1.6020970730511206,6.30245054129024e-05,5.176217726422497e-05,1.4203668767903395
2013-10-23,3.6244305626284386e-05,0.7471519058426349,0.00016126648058880332,1.5413965968065917,5.7121664570159134e-05,4.86288979966825e-05,1.5760176276831326
2013-10-24,4.040389782719303e-05,0.7544075872633901,0.00016052468962094577,1.5623365513208107,6.07559196519277e-05,4.917220084059204e-05,1.503714317657668
2013-10-25,3.967999624918889e-05,0.751905554890258,0.0001574992327725816,1.5499456519654289,5.944130366420614e-05,4.882354775212578e-05,1.4980168670106968
2013-10-28,4.081308187982178e-05,0.7508775069887454,0.00015702116575600742,1.2164187661758863,6.0110160677176336e-05,4.140219687205775e-05,1.4728160165453015
2013-10-29,4.2024721372673885e-05,0.7447352490542982,0.00015648470217675316,1.248988045699512,6.039351056704576e-05,4.194834265870873e-05,1.437094847851055
2013-10-30,3.243679795796633e-05,0.6912139727737829,0.0001494424720116126,1.2289648708429934,4.812475350018105e-05,4.072846548293566e-05,1.4836468618926002
2013-10-31,3.3498134377451295e-05,0.6618410403489245,0.00015377323424091115,1.1247482779739266,4.750117784508625e-05,3.763644211151068e-05,1.4180245774242541
2013-11-01,3.528785039280735e-05,0.6507988196956628,0.0001553384488743731,1.125588359175649,4.818355513771416e-05,3.762297112781707e-05,1.3654431936589517
2013-11-04,3.477448195487655e-05,0.6434959557274753,0.00015652688808407556,1.133687931118602,4.747561855033349e-05,3.771523206758915e-05,1.3652430138840879
2013-11-05,3.766596277267884e-05,0.6392566815130168,0.00015731265754018807,1.1009805604201277,4.920753910633249e-05,3.6293513030962405e-05,1.3064192571768105
2013-11-06,3.8333959556374354e-05,0.5991446076882764,0.00015854456897819167,1.194055337870613,4.6708850555967875e-05,4.4315297760406147e-05,1.218471848369259
2013-11-07,4.0431492315281525e-05,0.5833911379840316,0.00016761166705968247,1.229146473162853,4.8025493483247716e-05,4.3311017166333546e-05,1.1878239148025698
2013-11-08,4.3778322206368926e-05,0.5612233360330257,0.000193255118339262,1.114947736446647,5.1621519036845424e-05,3.587305034097531e-05,1.1791570904317448
2013-11-11,4.088414418239951e-05,0.553708552278913,0.0001970885456097746,1.1247568645399832,4.970377554352333e-05,3.629794250197969e-05,1.2157225383458226
2013-11-12,3.99781619662566e-05,0.5658067961848059,0.00019917932482065427,1.1201549557780572,5.0489573160571356e-05,3.660390528331294e-05,1.262928826072266
2013-11-13,4.4902541372157916e-05,0.563048328311528,0.00019967086987248832,1.0564290335958064,5.331365892069951e-05,3.338385619531531e-05,1.1873194098042066
2013-11-14,4.545126757048379e-05,0.5640299858160953,0.0001928618402555943,1.0480035055136656,5.2807832985698834e-05,3.267434512947806e-05,1.1618561111372046
2013-11-15,4.488960878325864e-05,0.5656592565897951,0.00019147043771953958,1.110743756608728,5.2441930876034e-05,3.6164787362140094e-05,1.168242100955711
2013-11-18,4.304897041106976e-05,0.5646485719702239,0.0001900869963757371,1.1477648167783243,5.10782280510224e-05,4.930999063033474e-05,1.1865145104117978
2013-11-19,4.253689180732228e-05,0.5562728633420648,0.00019215391171123152,1.180902096549563,5.029158990662361e-05,5.124496302401166e-05,1.1823052359920299
2013-11-20,3.986505410246521e-05,0.5531931717199496,0.00018765953609497583,1.2282161880705342,4.78473961956615e-05,5.402137000356978e-05,1.2002340714922715
2013-11-21,3.485111027762049e-05,0.549802291874525,0.00019402522893479903,1.1224199894540443,4.521098378271136e-05,4.998690815017602e-05,1.2972609315044812
2013-11-22,3.677714977289896e-05,0.549189340953879,0.0001882939971644606,1.1393930519914242,4.570138599465343e-05,5.3051188890410756e-05,1.2426570921580968
2013-11-25,4.464079349966786e-05,0.5486552058427431,0.00018036604921063833,1.1587259789947717,4.923147564898419e-05,5.4770311910898584e-05,1.1028360338028151
2013-11-26,4.5604254902161166e-05,0.548088602141662,0.00017926796329178582,1.1528170301850744,4.955697572445242e-05,6.738874550255864e-05,1.0866743866503548
2013-11-27,5.098239319509307e-05,0.5696898203219704,0.00017881784683469588,1.1337928805315902,5.439437598101291e-05,6.754774462133164e-05,1.0669247277753968
2013-11-29,5.306536742177139e-05,0.5824137643694535,0.00017884081854990737,1.1332727525900332,5.673754530390657e-05,6.752324599745216e-05,1.0692010262163676
2013-12-02,5.1303727815654587e-05,0.5884492416482268,0.00017861890253188686,1.134880262032803,5.633096319512947e-05,7.231960459580502e-05,1.0979896704102834
2013-12-03,5.129816798105141e-05,0.5870482360144916,0.00018011060617733547,1.0883134928975833,5.6427961197342694e-05,7.280190435197965e-05,1.0999995402991027
2013-12-04,4.926678581923591e-05,0.5858942824894411,0.00017798692736647873,1.082574067527628,5.4864373920893294e-05,7.24992625286992e-05,1.1136178869511688
2013-12-05,6.186383108747796e-05,0.6004080499254174,0.000179935783838181,1.054662146160518,6.334665428183933e-05,7.285467641751512e-05,1.0239691459176623
2013-12-06,6.149224160789946e-05,0.605429179376712,0.0001802990822669315,1.0719973272962773,6.37485438431755e-05,7.118087256778031e-05,1.0366924700787976
2013-12-09,5.694825981469449e-05,0.6078374414997426,0.00018168320840538418,1.062522368669136,6.182798208008224e-05,7.10153185682683e-05,1.085686942520562
2013-12-10,5.3452041059883435e-05,0.6050529083898554,0.0001777609203424987,1.0463468948186785,5.897848936013149e-05,7.021947137467852e-05,1.103390781542966
2013-12-11,5.2671389427449466e-05,0.6022433988852617,0.00018412150514446964,1.0030915543099153,5.93077835799479e-05,6.413507604725266e-05,1.1259961854934457
2013-12-12,5.926873458923956e-05,0.6000805590745638,0.00019928075025038618,1.0339212278171697,6.521613535195497e-05,6.698672586095434e-05,1.1003463428725737
2013-12-13,5.102150798536989e-05,0.5878101320199003,0.00020870270573530132,1.0312250883689549,6.065655665104376e-05,6.74352081572026e-05,1.188842883053097
2013-12-16,5.265033739264804e-05,0.5892809018033001,0.0002249274896283736,1.0378142931491896,6.412748584944054e-05,6.721899935150887e-05,1.2179881274302176
2013-12-17,5.547285481711756e-05,0.5873276774051448,0.00023988869726824434,1.0490198573004768,6.775254580454236e-05,6.815845632296125e-05,1.2213639631114783
2013-12-18,5.7755345996717895e-05,0.5902341707506992,0.0002448824632117659,0.961988084068386,7.019388603464534e-05,5.6675111355277594e-05,1.215366037953167
2013-12-19,6.478693026373803e-05,0.58697071919543,0.00022587002314171983,0.964805106913886,7.100508255435951e-05,5.6790888816580404e-05,1.095978498522901
2013-12-20,6.101338500649426e-05,0.5883913837581463,0.00021715846124897967,0.9720389988312336,6.772784268001969e-05,5.771969617180536e-05,1.1100489289819069
2013-12-23,6.0371580554275465e-05,0.5913984700638306,0.00020858425206749334,0.9717260911606608,6.636471412081594e-05,5.7274965983654775e-05,1.0992707746180757
2013-12-24,6.05937066863415e-05,0.5939752316069861,0.00020035963665080176,0.9950906443531428,6.544661866794268e-05,5.9816521823167885e-05,1.08008937308823
2013-12-26,6.0130930524985e-05,0.6094061214063515,0.0001958556013449922,1.0651281051448789,6.613384496432046e-05,6.797716389566283e-05,1.099830725833208
2013-12-27,6.1029823506439453e-05,0.6101697094042237,0.00018550141539449126,1.069663516264063,6.492251195858588e-05,6.826518506570289e-05,1.0637833804604677
2013-12-30,6.103786899254316e-05,0.6100049885943266,0.0001858511003505757,1.068435774257295,6.497041433582098e-05,6.825531612481917e-05,1.0644279593666393
2013-12-31,6.15980310886923e-05,0.6105306831344275,0.00018489581145267968,1.0761402017028718,6.515600481983625e-05,6.830609460978978e-05,1.057761160028329
2014-01-02,6.274975633376732e-05,0.6124174635816512,0.00019678765574680104,1.2330367833516556,6.805382099603913e-05,7.54054944393893e-05,1.0845272551188785
2014-01-03,6.287727487442676e-05,0.618052117012012,0.00019662405479903592,1.250798987966948,6.872112773433199e-05,7.734424185533441e-05,1.0929406191915296
2014-01-06,6.194585296328845e-05,0.6456243286848514,0.00019832753419791362,1.2741573691993264,7.156118311810446e-05,7.845007466667883e-05,1.15522153130274
2014-01-07,5.985294868622432e-05,0.6660375264025279,0.00019568523270912247,1.2810322024309673,7.208094990199963e-05,8.188753550230112e-05,1.2043007317798144
2014-01-08,5.957982003469859e-05,0.6803835255045078,0.00019456020042570127,1.2999555609057454,7.325383826968173e-05,8.336006019937852e-05,1.2295075451221495
2014-01-09,5.8876921963223624e-05,0.6860380876094125,0.00019606404097034834,1.3177252677233793,7.3708869618546e-05,8.679896667060537e-05,1.2519144540977682
2014-01-10,5.8643073362417135e-05,0.689175605622813,0.00019477467704189804,1.31268826345504,7.365538507433597e-05,8.765833359410173e-05,1.2559946273474105
2014-01-13,6.549653155125348e-05,0.6988427029092914,0.00020071563162269018,1.2523526019777904,8.012705556413089e-05,7.907953494272687e-05,1.2233786074828785
2014-01-14,6.384952094066409e-05,0.7007149300453482,0.00019863363957068895,1.2661663620281804,7.891264361985023e-05,7.768267029833965e-05,1.2359159858565645
2014-01-15,6.070372053025981e-05,0.7038680130163585,0.00018674840842291372,1.2711685335238097,7.494235543313433e-05,7.939765531779336e-05,1.234559509343036
2014-01-16,6.085694586035492e-05,0.7070179075016715,0.0001869523261569615,1.278871276248614,7.541381775272081e-05,8.03540029130058e-05,1.239198199754696
2014-01-17,6.130074788390541e-05,0.7100033228585865,0.00018539305211664849,1.2559605632585586,7.569025962455165e-05,7.89211782526022e-05,1.2347363162338223
2014-01-21,6.022038567812545e-05,0.7124429340490911,0.00018163999343711053,1.2401975063076371,7.451223471011267e-05,7.927128017732337e-05,1.2373257638763115
2014-01-22,6.0180607898710316e-05,0.715033497608836,0.00018403469788498176,1.244256381533403,7.524965781497911e-05,7.965476348696176e-05,1.2503971036921302
2014-01-23,6.197862719476769e-05,0.7103443421282628,0.00018913463966235258,1.2111808491363385,7.690869462571837e-05,7.620993534813467e-05,1.2408905796514818
2014-01-24,8.312838911315208e-05,0.7173582403440761,0.00019758125990194754,1.2379435124133324,9.193558608190923e-05,6.558372926456658e-05,1.1059469221371419
2014-01-27,7.785643656399444e-05,0.7165063799165644,0.0001932360469608905,1.232428262565206,8.788431970602907e-05,6.511312623507872e-05,1.1287996674981673
2014-01-28,5.7778264472590076e-05,0.7042865724572015,0.00019765217424164502,1.185140717881547,7.526316070709143e-05,6.213579623027852e-05,1.3026206549142052
2014-01-29,5.541992369045716e-05,0.7042223673247451,0.0001850646909300574,1.2341985740716257,7.131888745689433e-05,6.154720116265673e-05,1.2868817332777172
2014-01-30,5.718939038351772e-05,0.7012515312247443,0.00018609150946807118,1.2758118034799075,7.23427202983689e-05,6.595780637137595e-05,1.264967502070427
2014-01-31,5.786696567157789e-05,0.6993491861647358,0.000186240340242571,1.2956708696425117,7.260161927191668e-05,6.985550461593006e-05,1.2546297948982645
2014-02-03,7.055814511505822e-05,0.699627128502894,0.00019426372930523146,1.3857091939824298,8.190984038526153e-05,5.71412157096826e-05,1.1608842643424406
2014-02-04,5.3287933521446234e-05,0.7005667057116549,0.0001909179740495245,1.39818036081192,7.0662230436267e-05,5.942203834661895e-05,1.3260456123303845
2014-02-05,5.1744253938995175e-05,0.6977854334639833,0.00018729103614168564,1.396495207222939,6.86928381152016e-05,7.518649496844253e-05,1.327545241954561
2014-02-06,5.460185755120456e-05,0.6974937961077915,0.00018762512906459323,1.422294291769627,7.059753866239652e-05,7.472373923069243e-05,1.2929512259943083
2014-02-07,6.356327391387762e-05,0.6984673296653356,0.00018360171798916303,1.48173129681307,7.54549258122523e-05,7.494483263034163e-05,1.1870836910396838
2014-02-10,6.2547563500994e-05,0.6984961364001523,0.0001831306333758702,1.5296104410065368,7.47566282787341e-05,7.872781257499398e-05,1.1951964887896245
2014-02-11,5.609995653519849e-05,0.7138744483481845,0.00018168871896108712,1.42218355454198,7.207208421447294e-05,7.287891694254747e-05,1.2847083788603857
2014-02-12,5.280573476410588e-05,0.7216049073870202,0.00018268313859939487,1.4224789196608263,7.087437713889013e-05,7.292093152476355e-05,1.3421719715765836
2014-02-13,5.31879934714369e-05,0.72935801545422,0.00018343576882776946,1.4249706526792916,7.204263278287502e-05,7.263665293431988e-05,1.354490517142059
2014-02-14,5.362200748552388e-05,0.7261591630415384,0.00018411017473705157,1.4594656223283606,7.215098284312746e-05,7.4102657049317e-05,1.3455479611166323
2014-02-18,5.088126402858046e-05,0.7245888697464328,0.00018143081428186785,1.4530466931306734,6.961873527418763e-05,7.401004959268355e-05,1.368258760927837
2014-02-19,5.093399391722896e-05,0.7198974108156749,0.0001891912536146327,1.429991013795173,7.066835875233964e-05,7.126389810389052e-05,1.3874497819114735
2014-02-20,5.128532994270177e-05,0.7227655954239861,0.00019216712967891767,1.478690105171706,7.175193209547593e-05,7.52033753649193e-05,1.3990732276781752
2014-02-21,5.0142924359823583e-05,0.7253716369207793,0.00019469241963110233,1.3951737810644549,7.167041523263972e-05,7.114213539477878e-05,1.4293226042888072
2014-02-24,5.289213529725008e-05,0.7270915882689264,0.000198562837130492,1.4028053592383742,7.45132755648724e-05,7.127059757485075e-05,1.4087779808115712
2014-02-25,4.99909412374215e-05,0.7286547996728885,0.0001882475789307898,1.3900110521520157,7.068580146287796e-05,7.081650638753125e-05,1.4139722060276994
2014-02-26,4.8822079787728685e-05,0.6884038646200872,0.0002060338118361822,1.3904363226516596,6.90431641967112e-05,7.083761257135375e-05,1.4141790865301285
2014-02-27,4.902946505121921e-05,0.672097568565049,0.0002203334564957525,1.3685060064895629,6.985558362559229e-05,6.907055078025105e-05,1.4247674036952438
2014-02-28,4.913560627678946e-05,0.6550676684728686,0.0002322923905649731,1.3586386674696045,6.998449226863303e-05,6.849825602857536e-05,1.4243131930518602
2014-03-03,5.060228536900576e-05,0.6479397053371081,0.00024670691679438105,1.3888146989510557,7.239529175450945e-05,7.088487777460995e-05,1.4306723743124072
2014-03-04,5.593664385448813e-05,0.6468418020950437,0.0002648963368361801,1.3250160622629676,7.873797792923306e-05,6.286125632929437e-05,1.407627853649204
2014-03-05,4.9068183379191435e-05,0.6196976895246102,0.000286574627152788,1.3041944542774873,7.348500613783969e-05,6.188602107913514e-05,1.4976100820761749
2014-03-06,4.928243059442446e-05,0.6026310340699189,0.0002883065089313757,1.288962885706347,7.183312764076768e-05,6.107661643974138e-05,1.4575808614621064
2014-03-07,4.8971813978785636e-05,0.5908451051521315,0.00029116812596319665,1.3465891425573215,7.055351464780605e-05,6.661577323081775e-05,1.4406963703319118
2014-03-10,4.912023117884392e-05,0.5810372543499519,0.00027473984037487795,1.3505414278840202,6.74986366207512e-05,6.681127003025495e-05,1.3741514443405727
2014-03-11,5.148937537691702e-05,0.574699902600894,0.000275625013117828,1.3538205900537073,6.846352388853123e-05,6.690934742441978e-05,1.3296631273414867
2014-03-12,4.8906113932888686e-05,0.5696108901348712,0.0002768523475950717,1.369580955714628,6.628022387589907e-05,7.017211603858829e-05,1.3552543546365587
2014-03-13,5.192240840939531e-05,0.5683142343807642,0.00027680121251277915,1.4312915108863276,6.813181246922521e-05,6.94168259649867e-05,1.3121851346344102
2014-03-14,5.053194068255615e-05,0.5610389391086713,0.0002874764719022722,1.4260631807860973,6.762030832054616e-05,6.916809771566413e-05,1.338169629093406
2014-03-17,5.312543808337814e-05,0.5622723441708251,0.00028720863746223643,1.377866108181624,6.945391535193616e-05,6.584766117880552e-05,1.30735703756327
2014-03-18,5.3640183376897774e-05,0.5611758406832335,0.0002841199790829367,1.373470012992534,6.92779423082187e-05,6.624262182840946e-05,1.29153067619929
2014-03-19,4.9711758607667365e-05,0.5520031460952871,0.0002752328241290264,1.450346905790468,6.456857914215175e-05,6.907081467050053e-05,1.2988592830065948
2014-03-20,4.924048797705463e-05,0.5484069063524883,0.00027785332095248355,1.3879642895169375,6.414634053388061e-05,6.557839598664304e-05,1.302715370403557
2014-03-21,5.1299807125194504e-05,0.5492059034326074,0.00027639241075701275,1.4507028763810734,6.539674308128118e-05,6.708104052787723e-05,1.2747951063769858
2014-03-24,5.150721281894852e-05,0.5482078115783731,0.00027732899954437687,1.4489103314540324,6.552045233452038e-05,6.630106720918123e-05,1.2720636343657223
2014-03-25,5.187847468728203e-05,0.5460617916684762,0.0002764856394402365,1.4668784046270715,6.539908597010675e-05,6.724347117100969e-05,1.2606208329046977
2014-03-26,4.894688218699071e-05,0.5607782517373515,0.00027615808674902515,1.5201045935133133,6.51977429936763e-05,6.747917785893406e-05,1.332010131811926
2014-03-27,4.819111839496585e-05,0.5707449948352014,0.0002778173570835945,1.516782210178262,6.603973197899996e-05,6.701118912833998e-05,1.3703714331290269
2014-03-28,4.77393720640184e-05,0.5767733450268943,0.0002733651179025254,1.5270314841255102,6.588932844539342e-05,6.697817282278424e-05,1.3801884188387725
2014-03-31,4.471229395078723e-05,0.5765476543228907,0.0002652096400948157,1.5109759926717536,6.278318424711744e-05,6.44604447740378e-05,1.4041593194976758
2014-04-01,4.637295349124256e-05,0.5819367323675837,0.0002662696020118164,1.5306393650710857,6.466494971263108e-05,6.525553004714373e-05,1.3944539832866787
2014-04-02,4.141854620280984e-05,0.5875639273435753,0.0002587543099116494,1.5556277527474542,6.082699288563681e-05,6.664939788798889e-05,1.4685931415311313
2014-04-03,4.131197301210188e-05,0.5885387514306077,0.0002615482261839163,1.5588293238979047,6.117710498516145e-05,6.663261205786328e-05,1.480856529588657
2014-04-04,4.5815215175484866e-05,0.5906748052804771,0.00027473900387863035,1.5254192803489897,6.626946610612059e-05,5.952204147398447e-05,1.4464510502087642
2014-04-07,4.72141155464609e-05,0.5927290395844234,0.00028335025609273754,1.5570537075654272,6.855733690603432e-05,5.6191300843447374e-05,1.4520517034481075
2014-04-08,4.530353492960697e-05,0.5889634629863405,0.00027531895913991813,1.5411424776742209,6.577675711256904e-05,5.7669046814948016e-05,1.4519122451432
2014-04-09,4.691297863661334e-05,0.5903240780378542,0.00027763489620501115,1.5572692869505207,6.737116041076483e-05,5.504370509196941e-05,1.4360878880153831
2014-04-10,5.810324280314903e-05,0.600771753322507,0.00029565515905384564,1.6781539255804154,7.874127118598011e-05,4.031273271886131e-05,1.3551958098578374
2014-04-11,5.691804938589508e-05,0.5998516279663418,0.0002969252830540703,1.6637940812411751,7.798165276206395e-05,3.5894034877347604e-05,1.3700689606096843
2014-04-14,5.793906540801691e-05,0.5986086892864347,0.0003002348188793829,1.6022744681766694,7.895130044507696e-05,3.432186083770958e-05,1.3626609246988757
2014-04-15,5.375893588153699e-05,0.5981091868883295,0.00031102247558108785,1.508408232747769,7.73395590956077e-05,3.132844639490874e-05,1.4386363462631198
2014-04-16,3.1303883437837385e-05,0.5516268076322208,0.0003070130852681634,1.8132319389506948,5.407828565407183e-05,3.491329477399852e-05,1.7275264189332735
2014-04-17,3.0074876652121772e-05,0.5301640471303216,0.0003008782997575694,1.7863555550470989,5.043216744471637e-05,3.447505475117605e-05,1.6768869255248766
2014-04-21,3.398061258211898e-05,0.5155432438280325,0.0002966841959304293,1.7775648410516816,5.176400946836675e-05,3.605852311798486e-05,1.523339502584648
2014-04-22,3.465237531876505e-05,0.5375184500870624,0.0002971441521650851,1.7222304978929168,5.4543559245071255e-05,3.4929056559661845e-05,1.5740207920331126
2014-04-23,3.661275306357103e-05,0.5587844411136106,0.0002925536732665306,1.7651639950879363,5.7831342746226395e-05,3.5481020281342586e-05,1.5795409497290016
2014-04-24,2.8915216768426475e-05,0.5537411941284662,0.000280723426547015,1.7616835417681718,4.9889527096500706e-05,3.540405902877168e-05,1.7253727508270595
2014-04-25,3.367547480592454e-05,0.5482592192728792,0.0002867538968648226,1.6716012483035314,5.3876263886604494e-05,3.043519084514123e-05,1.5998664962290603
2014-04-28,3.364553762091845e-05,0.5382101928651389,0.0003591064174538971,1.8732045830620647,5.9159873632408e-05,3.523969596005487e-05,1.7583274875544423
2014-04-29,3.9441733334885286e-05,0.5362713766870069,0.00035139665367100043,1.8202934090393776,6.31337264537036e-05,3.3727622235200476e-05,1.6006833654509625
2014-04-30,4.001418281063408e-05,0.5379316656895462,0.00033923142979420316,1.860429722685217,6.267323719620354e-05,3.493201836543915e-05,1.5662755751580073
2014-05-01,2.1991126094734782e-05,0.5699932527605587,0.0003042229690618689,1.848254501939156,4.6621844274588554e-05,3.554301972083162e-05,2.120029873583917
2014-05-02,2.5114593555483047e-05,0.5918398004750471,0.0002767631870244987,1.9688260937700783,4.9342529122879405e-05,4.008724648033526e-05,1.9646955071708452
2014-05-05,2.3421323104644024e-05,0.6032543692199636,0.0002596051515387329,1.9589574480619143,4.703951571181522e-05,4.039243679567252e-05,2.0084055670829346
2014-05-06,2.3724080850696792e-05,0.6080867758743947,0.0002487311959350136,1.906421659831607,4.67116690813209e-05,3.6241798168237586e-05,1.9689559049849952
2014-05-07,2.503936026433856e-05,0.611050427101028,0.000237040778566453,1.936171928141937,4.707606988084859e-05,3.579249211990478e-05,1.8800827730369396
2014-05-08,2.245244272166245e-05,0.6366486702756248,0.00023184492040443072,1.9858124094813063,4.593359400774351e-05,3.720039888751502e-05,2.0458172225254625
2014-05-09,2.6257615904936162e-05,0.6551692036863257,0.00024535568077368373,1.9216345493927571,5.258709491799059e-05,3.6379095827975856e-05,2.002736848173057
2014-05-12,2.5472098693136958e-05,0.6675178777726127,0.0002660093562189009,1.7823989408423573,5.49469666424511e-05,3.099908320969332e-05,2.1571432846738956
2014-05-13,2.7268227179962204e-05,0.6720352556142228,0.00027548211126800356,1.767249614951361,5.82461481221827e-05,3.674350495283696e-05,2.1360445524300284
2014-05-14,2.54765910501542e-05,0.6745284426189745,0.0002862897081012439,1.7645974786468224,5.7606805527123625e-05,3.893812764602678e-05,2.2611661589149286
2014-05-15,2.174205444419079e-05,0.6666986829950983,0.0002712796723805396,1.7057870618820383,5.12021871670784e-05,3.418414690700124e-05,2.354983853918138
2014-05-16,2.0552751262807784e-05,0.6602125245734364,0.0002773554726884699,1.7021124305228663,4.9846780322610764e-05,3.4298815956444503e-05,2.425309375140125
2014-05-19,2.1296152341554682e-05,0.658906536138108,0.00029195313855625665,1.6831092399879497,5.195543223783037e-05,3.371823761660452e-05,2.4396628745208098
2014-05-20,2.0908636850371392e-05,0.6456930820229488,0.0002936909009086386,1.6885122463572422,5.059810348734568e-05,3.170082948824828e-05,2.419961848753757
2014-05-21,2.119414789263069e-05,0.6368180744512726,0.00030302001551992197,1.7169135096067931,5.103393070016368e-05,3.1503205880576835e-05,2.4079255726015023
2014-05-22,2.007249814887391e-05,0.6308017862402329,0.0002727066810261864,1.7157136953277063,4.6670399301977116e-05,3.140976761714996e-05,2.325091722805583
2014-05-23,2.2049522594442057e-05,0.6315868946800081,0.00023519634193859722,1.7539242670768551,4.548288314455543e-05,3.277336138399303e-05,2.0627604497895176
2014-05-27,2.174082787467674e-05,0.6286957326906149,0.0002378869404741625,1.5844930710706373,4.521305488839177e-05,2.8553459028713737e-05,2.0796381420716266
2014-05-28,2.1661197917021908e-05,0.6289312293467907,0.00022287117482141104,1.4035428590494654,4.3698984671616035e-05,3.8470022199112925e-05,2.0173854114169876
2014-05-29,2.1856321025887475e-05,0.6295596723023654,0.00021115716171367583,1.4662284050670094,4.2768925456996343e-05,3.9671395633786854e-05,1.956821800262687
2014-05-30,2.8179051435749515e-05,0.6281118720028532,0.00019767585976193118,1.4375144705938296,4.68788560315042e-05,4.047288710013837e-05,1.6636066028834127
2014-06-02,2.8496658002674943e-05,0.6290579259311332,0.00018934476881947825,1.3518169026371123,4.620769015039417e-05,4.095094348993679e-05,1.621512604953771
2014-06-03,3.418588872187905e-05,0.6294724671750418,0.00018392366509073025,1.354979422655009,4.991361015210815e-05,4.104690290815413e-05,1.4600647231430117
2014-06-04,2.793146765100254e-05,0.6302100723837122,0.00017757861211594247,1.3521675325847295,4.438411317754058e-05,4.166562729871843e-05,1.5890361986026005
2014-06-05,4.136471088316827e-05,0.6305231936040026,0.00017667222670161335,1.243284305421055,5.390141975143933e-05,4.090976740223042e-05,1.3030773961814968
2014-06-06,3.9833023701562004e-05,0.6287372177563618,0.0001920075147922734,1.2231038482474372,5.498572041807601e-05,3.983166015398375e-05,1.3804053849901385
2014-06-09,5.1073182956276414e-05,0.6283293699835575,0.0002090195309640479,1.2086743768254309,6.491981254253058e-05,3.935544485796988e-05,1.2711135038931922
2014-06-10,4.95066057749403e-05,0.6349627042523304,0.00021653354949674624,1.1853118734309158,6.574192102047505e-05,3.987786484615013e-05,1.3279424026632198
2014-06-11,4.7157992518462575e-05,0.6391671760786954,0.0002287112211077613,1.146511590682166,6.637978706854541e-05,3.88327664374163e-05,1.407604173196249
2014-06-12,4.667919578081926e-05,0.6479205954107714,0.000242867247426671,1.1364741558352265,6.898710857977064e-05,3.712860121402405e-05,1.477898396186976
2014-06-13,3.72024477228719e-05,0.6394919842803759,0.00022208084790529121,1.1718209192674305,5.812680018346538e-05,3.980411421235133e-05,1.5624455846685936
2014-06-16,2.938646502467408e-05,0.617200895865323,0.0001978900174438926,1.1566594384522964,4.706652822422791e-05,3.9887858861567565e-05,1.6016396727101718
2014-06-17,3.191330809025626e-05,0.606301874454755,0.0001883409088000928,1.132985091240952,4.7005335219069e-05,3.905892821255604e-05,1.4729070106467785
2014-06-18,3.560112133469648e-05,0.6018820683413011,0.000180039475724839,1.2158962160587734,4.8186691999963485e-05,4.078382430383943e-05,1.3535161307686463
2014-06-19,3.687128606172102e-05,0.6024612406819224,0.00016757018883977693,1.2207874596945798,4.7355631710298474e-05,4.10286788042057e-05,1.2843498767856127
2014-06-20,3.6786047916274955e-05,0.6160348712829905,0.0001614623281218576,1.2231267675800153,4.7476912440195554e-05,4.143798698387098e-05,1.290622807545214
2014-06-23,3.78482539714106e-05,0.6152509217607034,0.00016714146818507254,1.2297237010915207,4.8934742125507615e-05,4.164454622970953e-05,1.2929194081838333
2014-06-24,3.933090292313687e-05,0.6146605938161813,0.00017133654572895455,1.2235193756239855,5.045768637103157e-05,4.0247305011425347e-05,1.2829018054744235
2014-06-25,4.004889359785303e-05,0.6229484501813239,0.00017139819962283415,1.2515736539369202,5.16119774550734e-05,4.076384849676725e-05,1.2887241773350826
2014-06-26,4.4267929857314866e-05,0.6293422362441173,0.0001732575902665676,1.2507864561185646,5.5115990984919514e-05,4.0841882929408e-05,1.2450546289959865
2014-06-27,3.536085878696092e-05,0.6201963813700943,0.00016835965527985051,1.2501614149396776,4.785305223637184e-05,4.07995752284674e-05,1.3532774338053504
2014-06-30,3.524942345217237e-05,0.6120298324508914,0.00017148103616787278,1.2599597928655508,4.758352923401055e-05,4.1121650285949324e-05,1.3499094332301214
2014-07-01,3.707778978776346e-05,0.6098567655651556,0.00013081652352695068,1.2298064182820188,4.2473306025644744e-05,3.915461657834199e-05,1.1455188205328768
2014-07-02,3.729144432547138e-05,0.6048164616757773,0.0001326249482761357,1.191329810092656,4.253444976120145e-05,3.837218319622879e-05,1.1405953974313865
2014-07-03,3.7850371933542936e-05,0.6000838121390496,0.00013687505062730894,1.1241512881271705,4.319257872747514e-05,3.589860504799804e-05,1.1411401400047525
2014-07-07,3.637233936281704e-05,0.5832579546812481,0.00014493734363611995,1.1464716527471763,4.234834442002019e-05,3.738062348499155e-05,1.164300816551611
2014-07-08,3.904012916123487e-05,0.5688898831150512,0.00015760021907880784,1.0921877694514197,4.462335729570738e-05,3.476771625935145e-05,1.1430125425921083
2014-07-09,3.921043801203444e-05,0.5629562254236136,0.00015741491850324298,1.1109775523593424,4.422811370351003e-05,3.4959634805915755e-05,1.1279678561595148
2014-07-10,3.784415060760939e-05,0.5566883463123509,0.00015263711328158895,1.0076996669495308,4.23098594801558e-05,3.2164758005242306e-05,1.1180026186569632
2014-07-11,4.137743263306523e-05,0.552306680585911,0.00015380081598473494,1.0158118739991673,4.4059684842251606e-05,3.242144959881521e-05,1.0648240366426929
2014-07-14,3.5819786180035966e-05,0.533750287874632,0.00015527937113799106,0.9423174284959928,3.980672958564736e-05,3.0710524357663676e-05,1.111305617112631
2014-07-15,3.740515266448331e-05,0.52179376276223,0.00015631411841691292,0.9680611496659212,3.989915536391619e-05,3.146145976348199e-05,1.0666753781705847
2014-07-16,4.331224214055195e-05,0.5166302101949196,0.00015765395145983247,1.0551072476519825,4.269112126945923e-05,3.4608772976999795e-05,0.9856594616118666
2014-07-17,4.7474517764657056e-05,0.5188498829623995,0.00016424641465962402,0.9724305134933988,4.581629359812846e-05,2.9565280202674867e-05,0.9650712794019557
2014-07-18,4.82618636397603e-05,0.5329874590737298,0.00016676428104114122,0.8550504980058833,4.781570376991831e-05,2.540691764606141e-05,0.9907554363591873
2014-07-21,3.56854935741795e-05,0.5152233399788139,0.00015777841568283626,0.8394474006307119,3.866029628303433e-05,2.552259790529965e-05,1.0833616803609876
2014-07-22,3.6878426197529086e-05,0.5113375241734305,0.00015542648981093008,0.8513120900658846,3.8712959508219675e-05,2.6678657516362152e-05,1.0497454338442866
2014-07-23,3.8554343811198455e-05,0.5110734184920738,0.00015317225732435107,0.9324679628058417,3.927444057626634e-05,3.468378828870964e-05,1.0186774483465264
2014-07-24,3.79220014302475e-05,0.5110000993879295,0.00015160489928524372,0.9376628600168826,3.874567469587829e-05,3.626912730027553e-05,1.0217201949940808
2014-07-25,3.58816002468109e-05,0.5109939035572629,0.00015165015758421475,0.940559308609384,3.769407180162078e-05,3.598771517269286e-05,1.050512561935444
2014-07-28,3.90148494586092e-05,0.5089810537416873,0.00014970368612064047,0.9385968295059168,3.8898497924874535e-05,3.6050335118492474e-05,0.9970177628428861
2014-07-29,3.5953585678647994e-05,0.5079271655216645,0.00014965367743566206,0.9415540663092068,3.725771722150063e-05,3.967443937207587e-05,1.0362726420254413
2014-07-30,3.539196672747045e-05,0.5143619744601732,0.0001383636733431316,0.9386667214783014,3.599417674979996e-05,3.9552813783644567e-05,1.0170154438425736
2014-07-31,4.5379445989039353e-05,0.5275821819161572,0.0001449674330566133,0.9556109851982704,4.279124662803942e-05,3.416573794877721e-05,0.942965382133024
2014-08-01,4.584672797284814e-05,0.5242147715350345,0.00014954730453991071,0.9181647780435344,4.3406295468856424e-05,3.26276176095053e-05,0.9467697562749294
2014-08-11,3.847004227028839e-05,0.5324559760636725,0.0001501818745874731,1.0866850250903464,4.0471919069940005e-05,6.384246873413423e-05,1.0520372913964207
2014-08-12,3.841634430365733e-05,0.5346003027504125,0.00014783820933158434,1.1825197942451635,4.028845050103102e-05,7.043669806719613e-05,1.0487320236036999
2014-08-13,3.776559449586869e-05,0.5345273847794993,0.0001488537341276658,1.2051169998859868,4.007725699548865e-05,7.017518989907598e-05,1.0612108065682069
2014-08-14,3.862814115860239e-05,0.5365443112624817,0.00014565296846156593,1.172636746439859,4.0245485379652004e-05,7.17119839411148e-05,1.0418695845189392
2014-08-15,3.923523389055349e-05,0.5341423976131194,0.00014591364057171377,1.1353418394223262,4.041505006380848e-05,7.22130770722395e-05,1.0300703234380117
2014-08-18,5.8802594173761744e-05,0.5550438027614196,0.0001612262582489347,1.1019831699997509,5.404349019444422e-05,7.826725749118499e-05,0.9190664281705945
2014-08-19,5.790352204668287e-05,0.5770034182848303,0.00017010099056938047,1.129394157047146,5.726434504047507e-05,8.050221922787387e-05,0.9889613449473336
2014-08-20,5.609710643686182e-05,0.6027013236967408,0.0001735536104926429,1.1189481926897609,5.946880366928741e-05,8.322199778403687e-05,1.0601046550631001
2014-08-21,5.441563613273725e-05,0.6050701313991131,0.0002039264148393991,1.0764169245522952,6.373886303807177e-05,8.138134443331925e-05,1.1713336012941606
2014-08-22,5.0059045313325706e-05,0.6121610840459065,0.000207764406093636,1.0782565716479071,6.242989036716447e-05,8.151054610696953e-05,1.2471250695335505
2014-08-25,6.652021183637015e-05,0.6205793455913666,0.00020796884077401746,1.0706113540115223,7.299166399754986e-05,8.35585510473598e-05,1.0972855013916452
2014-08-26,6.338834696697776e-05,0.6247723167393641,0.0002056787048790416,1.0659781139567264,7.133803715682551e-05,8.321877286376737e-05,1.1254124862096366
2014-08-27,6.228211919321129e-05,0.62305735812549,0.00020419304860859138,1.0547667938229144,7.026356750778611e-05,8.337461847603873e-05,1.128149915545019
2014-08-28,6.139493236265438e-05,0.6183613972896758,0.0002075363401496589,1.034893512094915,6.980004608949527e-05,8.481754320184407e-05,1.136902402256796
2014-08-29,6.15753093611576e-05,0.6150738755154159,0.00020811227428848097,1.0349135148274595,6.962728007294445e-05,8.465135759948342e-05,1.1307662242435461
2014-09-02,7.761239871585492e-05,0.6231582745293879,0.00020863557003999498,1.0377669348411382,7.929724436800756e-05,8.517555434766571e-05,1.0217084599887318
2014-09-03,7.595624179294328e-05,0.6261028416537517,0.00020980590559104383,1.035133929435226,7.903805843699122e-05,8.584413997891905e-05,1.0405735798836515
2014-09-04,7.498131031863036e-05,0.6251734059847254,0.00020557535603389412,1.0310278375155746,7.761801533214727e-05,8.576137911745597e-05,1.035164829773077
2014-09-05,7.387822741090312e-05,0.6202693197269258,0.00020188829867225723,1.0440400165788617,7.575200072871326e-05,8.643516683099481e-05,1.0253629977799603
2014-09-08,7.348698808482049e-05,0.6199662677584638,0.0002057815240674986,1.058352127699503,7.623887408388502e-05,8.761123395667742e-05,1.0374472552322902
2014-09-09,8.133593066383054e-05,0.6349152675372981,0.00020711128502418132,1.044083279803694,8.240600727823904e-05,8.533715502496404e-05,1.0131562595482093
2014-09-10,8.008754908927675e-05,0.6456660890829408,0.00020036516125753674,1.0367781338657571,8.179025914788761e-05,8.454295882926005e-05,1.021260608895807
2014-09-11,7.945435898388616e-05,0.6522468811349241,0.0001982809033771169,1.033438761562154,8.186746063851727e-05,8.426992256148631e-05,1.0303709159005425
2014-09-12,7.986652544186676e-05,0.6563515678356127,0.00019409233813606235,1.0680010627008911,8.17190140942467e-05,8.610991289466069e-05,1.0231948071126287
2014-09-15,7.976789477234261e-05,0.6622899627627199,0.00019127057828366496,1.0671873155572933,8.180621963228367e-05,8.600167478300819e-05,1.0255531986365998
2014-09-16,8.12776222335961e-05,0.6749351756748232,0.00018567530047723058,1.081675018750582,8.291338111650325e-05,8.664868158487506e-05,1.0201255750101288
2014-09-17,8.038458733415224e-05,0.6900695568918488,0.00017925031257356192,1.0828752456521142,8.283411233260243e-05,8.683967454185491e-05,1.0304725704228315
2014-09-18,8.052555846541116e-05,0.7032214443065496,0.00017396214985803684,1.0663568556418646,8.323123936479435e-05,8.4982285103098e-05,1.0336002748809918
2014-09-19,7.686942885417954e-05,0.7000266712755323,0.00016632648022064968,1.070823817263304,7.915386261933575e-05,8.499572227475351e-05,1.0297183652748318
2014-09-22,7.562338268336147e-05,0.6793956542538847,0.00016203330756714416,1.1054034092254656,7.520608186261564e-05,8.601941960747838e-05,0.9944818546071512
2014-09-23,7.716105522203933e-05,0.6827032932353782,0.0001642594918548724,1.1235222231258888,7.685928046855926e-05,8.635969105990895e-05,0.9960890276498723
2014-09-24,7.845740621167833e-05,0.6879752384895704,0.00016689616555650417,1.123129325009811,7.872505270268137e-05,8.519587934830087e-05,1.003411360430154
2014-09-25,8.684570042440597e-05,0.7155706660393556,0.00017448059848730677,1.1235699778061077,8.808465569105326e-05,7.78362441854577e-05,1.0142661670133655
2014-09-26,7.784867175631449e-05,0.7241920239092718,0.00017519652669683366,1.1320256863124798,8.457501564652885e-05,7.88517744663235e-05,1.086402808660236
2014-09-29,7.945972408695768e-05,0.7311199215423987,0.00017408476213003114,1.160571860341432,8.598892572518401e-05,8.142349392859084e-05,1.0821699510443936
2014-09-30,7.034453028421699e-05,0.7317396135166712,0.0001712236812785668,1.172646508236725,8.030704554462424e-05,8.209730345909014e-05,1.1416245900023092
2014-10-01,6.051441443903661e-05,0.7347618598120828,0.0001708370713567311,1.1932005070675795,7.470799503622708e-05,7.761455267277672e-05,1.2345487555116206
2014-10-02,5.727685640094654e-05,0.7275726586289057,0.00016757869308293353,1.1965854219598462,7.128125820657461e-05,7.778691795493208e-05,1.2445036736582602
2014-10-03,5.732458945014978e-05,0.7170542190392821,0.00016585996171078376,1.1348920272882173,6.991868511503281e-05,7.30357579437754e-05,1.2196979653179205
2014-10-06,5.950629355094935e-05,0.724211775230219,0.00015982907935654047,1.139233350210996,7.062767843060145e-05,7.326297528790942e-05,1.1868942630434536
2014-10-07,5.823383972398379e-05,0.7222024586042846,0.00017239805699421071,1.0532045655493447,7.236238283462524e-05,6.822145280020337e-05,1.242617405577372
2014-10-08,6.403572465426801e-05,0.7217244771031875,0.00017591397458004157,1.0767865946843185,7.660070546789999e-05,6.360329701566694e-05,1.1962182966066353
2014-10-09,6.579132724406009e-05,0.7188155363987818,0.0001933675926476745,1.008014699793984,8.107624463558625e-05,5.627885948782243e-05,1.2323241988237308
2014-10-10,6.388921163395802e-05,0.7180952842726566,0.0001954639577249696,1.0663823840789877,8.024706982023359e-05,5.7279174952514646e-05,1.2560347477754934
2014-10-13,7.100010076144222e-05,0.714027676614364,0.00019780949254189176,1.1716645150415808,8.461903978074891e-05,5.684843274922005e-05,1.191815770305254
2014-10-14,5.126108009219706e-05,0.7011588296648573,0.0001915668672383939,1.2444431216606715,6.948170746202991e-05,6.954800470962109e-05,1.3554475898100788
2014-10-15,4.732231652345586e-05,0.6824658797914411,0.00021657314278455278,1.0198810386971255,6.909016676204786e-05,6.693130630056187e-05,1.4599912226993899
2014-10-16,5.30327919984953e-05,0.6757416864944371,0.00021386513205852588,1.0348902450921091,7.196526839391062e-05,6.797939086337286e-05,1.356995656497823
2014-10-17,4.626798859027275e-05,0.6786087002000541,0.000207277411086457,1.0483624092589643,6.645623313428244e-05,6.683589883896376e-05,1.4363328763389125
2014-10-20,4.9165393824874467e-05,0.6767893627743773,0.0002002303308069985,1.0649447456712202,6.715034028213144e-05,6.649901523346628e-05,1.3658049912366974
2014-10-21,6.127847379397686e-05,0.7076044347305028,0.00019090587157013315,1.0656160947301154,7.653395543018868e-05,5.885944452696548e-05,1.2489533549334464
2014-10-22,6.0122674099070425e-05,0.7247436827402889,0.00018521223346355678,1.0457413772448323,7.647833374251387e-05,5.599485692136433e-05,1.2720381268553111
2014-10-23,6.055871725038731e-05,0.7393973185430609,0.00017995545812281633,1.0461198794589313,7.718780956705476e-05,5.3674930713362365e-05,1.2745945269598835
2014-10-24,5.99990058104541e-05,0.7465021682828661,0.00015799984859792658,1.0307752809134163,7.268276426090377e-05,5.302908941897946e-05,1.2113994770266623
2014-10-27,5.8561423507449295e-05,0.7461957674898889,0.000156379834748929,1.0403127792790436,7.140834516881461e-05,5.6287184422937484e-05,1.2193751601637746
2014-10-28,5.4522480778452264e-05,0.7455294345811448,0.0001502864404012522,1.0394645813660948,6.748581511372648e-05,5.368594741298535e-05,1.2377612711341894
2014-10-29,5.3729820257279105e-05,0.7410117799248421,0.00014630853081271032,1.1275386994688024,6.570034204287476e-05,6.719025681912955e-05,1.2227910260685069
2014-10-30,5.3551839514494966e-05,0.7359396612806087,0.00014259820315666078,1.2093401489416749,6.431117313866267e-05,7.360028216990233e-05,1.200914361144503
2014-10-31,5.56093263598845e-05,0.7342133352367284,0.00014688993910941231,1.1884703717268872,6.635782008891586e-05,7.29772446041741e-05,1.1932858107194249
2014-11-03,5.4562010343014535e-05,0.729442988919214,0.00015276173844415875,1.187807586419788,6.659533872277445e-05,8.104057109242388e-05,1.2205440801046386
2014-11-04,6.02491600622342e-05,0.74425310400261,0.00015523615902381314,1.2112844162575038,7.197681039249548e-05,8.41924947940057e-05,1.1946525116391205
2014-11-05,6.0354415020847636e-05,0.7552840843693667,0.00015782846133736517,1.229423020774833,7.37152795670462e-05,8.622510964444914e-05,1.2213734412235369
2014-11-06,5.86925643313682e-05,0.7614982633421116,0.0001608994758024961,1.2415869887134046,7.40010316285594e-05,8.683568382995234e-05,1.2608246457040488
2014-11-07,5.828791566618652e-05,0.7631860996975239,0.00016443166978737979,1.2726234773476708,7.471579950384742e-05,8.99628080449174e-05,1.281840303430011
2014-11-10,5.7340540123530906e-05,0.7656015672707549,0.00016690541039113477,1.385834248703928,7.489777410512837e-05,0.00010000375308182994,1.3061923369360184
2014-11-11,6.57571982494724e-05,0.7593011094084211,0.00017400978029182487,1.370393504425932,8.12217820877332e-05,0.00010445911007614683,1.2351770490523428
2014-11-12,6.673646336542344e-05,0.7476844844006353,0.00017981438922735365,1.3650595153953564,8.190533359556562e-05,0.00010420339086289425,1.2272950867516492
2014-11-13,7.11343776232816e-05,0.7389955099553951,0.00018477914888153092,1.3744178462768732,8.472431161969638e-05,0.00010571838369585228,1.1910459393963535
2014-11-14,6.859476809423724e-05,0.7306911759749889,0.00018817763638187838,1.476316218357963,8.301629813968802e-05,0.00012082631478137265,1.2102424200288588
2014-11-17,6.853595565786147e-05,0.7260018404310065,0.00019279776749611593,1.4962723649281957,8.345415390743347e-05,0.00012352932055622711,1.2176696612219895
2014-11-18,7.650833651469074e-05,0.7281758480767636,0.00020523367138858484,1.5062138352762562,9.124623572521863e-05,0.00012340906798726284,1.1926312854508083
2014-11-19,7.466095393809579e-05,0.7263907138976408,0.0002141322702846115,1.4793391115662222,9.18455483997771e-05,0.00012693798014508362,1.230168428813938
2014-11-20,7.31046489834875e-05,0.7257682235263943,0.00021543617469994679,1.5048269876104912,9.108141355333442e-05,0.00013428342102418268,1.2459045330196088
2014-11-21,7.04730363634149e-05,0.7256106722115854,0.00021989081638270987,1.510682045562185,9.032723147570834e-05,0.0001368822484224813,1.2817275391670293
2014-11-24,6.987047932397521e-05,0.7237831651134419,0.00022309533976620644,1.503248746230463,9.036506969681784e-05,0.00014069224126958825,1.2933225959108334
2014-11-25,8.166110492431963e-05,0.724913091675497,0.00023879336428463114,1.5129730303718696,0.00010122894159630116,0.00014742854141413392,1.2396224823325162
2014-11-26,7.228929035700332e-05,0.7234077752013803,0.0002491400091354108,1.5373150619773617,9.708271002539372e-05,0.0001571315885569001,1.3429750042633866
2014-11-28,6.63644735069259e-05,0.7153287947806033,0.00025141675013796067,1.5368855904474177,9.239971640339382e-05,0.00015740098556039873,1.3923069305108076
2014-12-01,6.796408095783602e-05,0.713363952145185,0.00026137059665432813,1.5260191752727357,9.507782726649356e-05,0.000158277728161719,1.3989422931427342
2014-12-02,6.956629167082881e-05,0.7092691282719099,0.00027678632559033855,1.4861880604564996,9.841987269119622e-05,0.00015297454768017194,1.4147638220662346
2014-12-03,9.973973303376368e-05,0.716903323667256,0.0002930417976086629,1.484520323812775,0.00012256302729200938,0.00015282815199981937,1.2288285075970637
2014-12-04,7.195368455764464e-05,0.7166887116081134,0.0002980799983067649,1.459318979145831,0.0001049599223055521,0.00015408929064769086,1.4587150463638174
2014-12-05,6.914099334132158e-05,0.7113701492909222,0.0003183163700016674,1.4491797939667552,0.00010553412930304895,0.0001529344747022416,1.526361196201925
2014-12-08,6.652863915801598e-05,0.7141257810700603,0.0003091407135990546,1.4770702729083651,0.00010241348258695205,0.00015737119646880347,1.5393894100810317
2014-12-09,5.578278936298998e-05,0.714710657838173,0.0003139749581888517,1.469995603328771,9.458622166170529e-05,0.0001570698652138382,1.6956165645682124
2014-12-10,7.622608908783083e-05,0.7249920149087455,0.0003089678509554474,1.5282522259057842,0.0001112606744789115,0.00015363111898316273,1.459614100766896
2014-12-11,6.0199482263474304e-05,0.7260565889606989,0.0003097999884211349,1.5309171749553006,9.915338557137884e-05,0.00015324872961198515,1.6470803708479664
2014-12-12,5.635062229218622e-05,0.7315200556710677,0.00030040754041481076,1.564492023836926,9.51767805802974e-05,0.0001462905815183317,1.68901028433709
2014-12-15,5.5088696774690915e-05,0.7260522377968653,0.0003098187658192898,1.563063741626358,9.485341630059905e-05,0.0001447084530518441,1.7218308265403914
2014-12-16,5.154869882225274e-05,0.7215459329722855,0.0003151951881241271,1.5840878222317138,9.19734814860674e-05,0.00014354834596179463,1.7842056848652006
2014-12-17,8.951914955443635e-05,0.7406812197361872,0.00034650660227095013,1.5685348228228893,0.00013045029450962608,0.00013047927850916798,1.457233398204924
2014-12-18,9.913276275332198e-05,0.7681912828321764,0.000296171043878725,1.7173584429699025,0.00013162830157860593,0.00012116774896405642,1.3277981761301716
2014-12-19,7.377698274922788e-05,0.7806305991693672,0.00029376096220954024,1.7356094180906223,0.00011492196858994593,0.00012244501001949454,1.5576940707994547
2014-12-22,6.996587850894997e-05,0.7808770278287874,0.00029892741525433655,1.7421485089252562,0.00011292982782865093,0.00012280447485414836,1.6140700329261934
2014-12-23,6.063494070426503e-05,0.7692050406312053,0.0003071699931509908,1.7471835562891955,0.0001049767188012496,0.00012450528870635173,1.7312908626933907
2014-12-24,5.292955813268682e-05,0.7594367515699304,0.00030793158992566225,1.7301725512426698,9.695447668942244e-05,0.0001240908489033955,1.831764331876179
2014-12-26,5.0003308753932844e-05,0.7553481630330527,0.00030705113172359365,1.7353936203848377,9.359483866583216e-05,0.00012492035978491718,1.871772908597189
2014-12-29,4.966432774890378e-05,0.749311485193797,0.0003089048568999451,1.7357025216566755,9.281048419098253e-05,0.00012492231678263766,1.868755470933181
2014-12-30,4.653062419950052e-05,0.746168862455258,0.00031151168933548506,1.5823578132745204,8.983462004540268e-05,0.00012011461917654079,1.9306558119709687
2014-12-31,4.3755181092948726e-05,0.7497101107853792,0.0003189513867622738,1.58941372034997,8.856667857493593e-05,0.00011752683959519801,2.0241415156480453
2015-01-02,6.483180836307134e-05,0.7373975279124446,0.0003234432770673588,1.567124208465112,0.0001067812030182984,0.00012553846339467107,1.6470495843691713
2015-01-05,8.284505496642122e-05,0.7397079868161622,0.0003521198468208631,1.5555803202111496,0.00012633941315136557,0.00011292206387673287,1.5250085017454995
2015-01-06,7.372029621424698e-05,0.7379468540714258,0.00038062454251221287,1.4443844042933267,0.00012361381656475137,0.00010635229503997252,1.6767948979139087
2015-01-07,7.097584833724285e-05,0.7375661175077747,0.0003798192718137557,1.4631315625664338,0.00012110016984465279,0.00010462322242055569,1.7062165889056153
2015-01-08,6.58935484829367e-05,0.7400557060704741,0.00039034790002173117,1.4179471479564452,0.000118689358631979,9.72030565874049e-05,1.8012288207959224
2015-01-09,5.142752848602693e-05,0.725490722952032,0.00038890088968683117,1.400216119407932,0.00010260042468479941,9.409858448836745e-05,1.995048716227465
2015-01-12,5.214866604959718e-05,0.7156376991914636,0.0003873012148763405,1.3051012979315275,0.00010170428296193268,8.937871790323646e-05,1.9502758299743372
2015-01-13,5.1084978694142575e-05,0.707088698426268,0.000386283036373233,1.3226904430418154,9.932837314467272e-05,9.105975448164925e-05,1.9443753464080773
2015-01-14,5.779000718727771e-05,0.7033092827613509,0.00039606449407745463,1.2994159535306815,0.00010640344257062601,8.836670936837428e-05,1.8412083290768373
2015-01-15,5.577655409897309e-05,0.6815109475193412,0.00046096352934487663,1.1587623229966637,0.00010927780412730865,7.62459977634088e-05,1.9592068010045924
2015-01-16,7.006830803083834e-05,0.6590103377083573,0.0004377578607737987,1.17023058295889,0.00011541706315413395,7.430881813683769e-05,1.6472077947613177
2015-01-20,6.698197984101967e-05,0.6410664774240146,0.00041517343803867696,1.1508376268720328,0.00010690470950031078,7.918292967870403e-05,1.596021941334772
2015-01-21,5.396910834789416e-05,0.6333894602650203,0.0004011554740164486,1.1409365988646154,9.319654559995623e-05,7.810913066490287e-05,1.72684983044736
2015-01-22,5.806897077464812e-05,0.6258857254724414,0.00042279372808151866,0.9925592937247298,9.806891695804684e-05,6.3209810447031e-05,1.6888351153773504
2015-01-23,5.910063936486745e-05,0.6199739993873143,0.0004096875138491191,0.9709376832963036,9.647081109993693e-05,6.428849235558914e-05,1.632314170145582
2015-01-26,6.288399592442454e-05,0.6053174440368391,0.00037417736901655115,0.964243064740665,9.285216051834461e-05,6.552559260978078e-05,1.4765626635739961
2015-01-27,6.964065036165525e-05,0.6025897696485416,0.0003473521236006519,0.9547394258874256,9.372126515494223e-05,6.123592950064245e-05,1.345783887258841
2015-01-28,7.988841611727443e-05,0.6027063374347361,0.0003358007072961679,0.8841797736236536,9.871620854274154e-05,5.328374255948561e-05,1.2356761260334455
2015-01-29,8.021798542057233e-05,0.6019253634321005,0.00032298392367384124,0.8431245336685103,9.68877726886683e-05,5.0118647346940094e-05,1.2078061070805814
2015-01-30,7.830236811365751e-05,0.6019015927593948,0.00031287000814568826,0.8040702618600255,9.420954529359533e-05,4.472626232281024e-05,1.2031506525683644
2015-02-02,6.708254753246161e-05,0.5788323462501269,0.0003004129725841623,0.7592185018273129,8.217068495836866e-05,4.004465181589875e-05,1.2249189689554623
2015-02-03,8.067150173734702e-05,0.5677933132570548,0.0003003330299683033,0.6562354866758476,8.837957183692512e-05,3.1993772866405365e-05,1.0955488609183734
2015-02-04,7.910110058857453e-05,0.5562646724797435,0.0002884815862964632,0.644108634521007,8.402950230095303e-05,3.147697202936429e-05,1.062305096587877
2015-02-05,8.520627788871464e-05,0.5500555643973154,0.0002795064596589262,0.5992024129423049,8.488643292103789e-05,2.8378881586867772e-05,0.9962462276770909
2015-02-06,8.507292515013707e-05,0.5347954483279187,0.00028867180718184556,0.6520480657913746,8.380801814208078e-05,3.0770883042970416e-05,0.9851314974085589
2015-02-09,6.296753465448077e-05,0.4931139703021398,0.00026971241582858085,0.6166056658387388,6.426227866425205e-05,2.896620348036586e-05,1.0205620883345023
2015-02-10,6.653518645016198e-05,0.4675318836240534,0.00025244371970683025,0.6174957168342555,6.0592546904459584e-05,2.7585959752417186e-05,0.9106842580180682
2015-02-11,6.58212274519105e-05,0.4533162321006575,0.0002280583467184669,0.6537952388340459,5.554017509561938e-05,3.127997592252127e-05,0.8438033936118475
2015-02-12,6.625281595902424e-05,0.4504079800056274,0.00023412333235459885,0.5742204737339468,5.609583227174795e-05,2.7358281467665627e-05,0.8466935549794874
2015-02-13,6.59493776327874e-05,0.4465805602989339,0.0002354214344147289,0.5841941287394405,5.5645258688729326e-05,2.7633881712596673e-05,0.8437571465581917
2015-02-17,5.2818371217651516e-05,0.4291270363655727,0.00022602740209202922,0.6152227206071468,4.688769963741142e-05,2.940140023316814e-05,0.8877157427706118
2015-02-18,4.925751255554142e-05,0.417333414236983,0.00022403059460588589,0.6111435964334139,4.384025408053313e-05,2.928856198279643e-05,0.8900216800655547
2015-02-19,5.2538640297651296e-05,0.41472931483557124,0.00021276612203600462,0.6056355680312215,4.384856526917532e-05,2.9079613099794624e-05,0.8345964992766579
2015-02-20,5.811623348480445e-05,0.4098756034246333,0.00021030912770329447,0.5867928331868255,4.531373494892597e-05,2.7946893247902728e-05,0.7797087359554034
2015-02-23,5.7842904366347e-05,0.4247620100515753,0.0002243114140167633,0.5935189044058651,4.838340174242547e-05,2.8403956799768713e-05,0.8364621775557821
2015-02-24,5.363774172174018e-05,0.41536507389698013,0.00021459850627762966,0.5337432207539183,4.456342538503979e-05,2.5642587967203285e-05,0.8308221777162845
2015-02-25,4.6420168910813084e-05,0.41168781704836244,0.0002153712371905392,0.5235333432148019,4.116377776535333e-05,2.6299159443332005e-05,0.8867649285042706
2015-02-26,6.082008377129165e-05,0.40929177276311257,0.00022651686941491589,0.5396992269329839,4.804042018659166e-05,2.857972909139794e-05,0.7898775734549011
2015-02-27,6.477291200020017e-05,0.4124269091246318,0.00022955052385277441,0.5428269420480749,5.029014045682887e-05,2.870147026788842e-05,0.776406971739567
2015-03-02,7.10002492943561e-05,0.4177711201458717,0.0002310218455218627,0.5203234792101156,5.350506251820936e-05,2.8557924988737655e-05,0.7535897838384428
2015-03-03,6.22129036386534e-05,0.4145241301137835,0.0002116641416163444,0.5290224768889645,4.756786914720377e-05,2.9036544308949687e-05,0.7645981197644898
2015-03-04,6.357489191775788e-05,0.4128530203184968,0.00022422756685782722,0.5010174581032542,4.9292720012757534e-05,2.7520774119492142e-05,0.7753488606244721
2015-03-05,6.337223751236057e-05,0.40938470831469675,0.00023477293709912313,0.5260776605385183,4.993501143878581e-05,3.093182200528961e-05,0.7879635215506811
2015-03-06,6.737776824421294e-05,0.4010779365044262,0.0002555053786429321,0.6405337455715507,5.2624393815587016e-05,3.501577851818303e-05,0.781034979146952
2015-03-09,6.459093954914395e-05,0.39787508115435777,0.0002663440644802338,0.6527472212471576,5.2186005128850284e-05,3.561366259950978e-05,0.8079462149508542
2015-03-10,6.248974140729342e-05,0.43390917796043077,0.0002699739451132037,0.5461095972045228,5.63591100313492e-05,2.6329909839599177e-05,0.9018937950793202
2015-03-11,5.4252554100076106e-05,0.4535306158324595,0.0002615244630302694,0.5616422833204187,5.402227427824809e-05,2.8161112965372733e-05,0.9957554104936104
2015-03-12,5.508043688697334e-05,0.4758848059391412,0.0002454675484055506,0.6081927081563399,5.5334701255392204e-05,2.8526772343689486e-05,1.0046162373210767
2015-03-13,5.707193087433516e-05,0.4969628336076317,0.00024382059074059601,0.6300372511798251,5.862331633061011e-05,2.8967503486443088e-05,1.02718298526978
2015-03-16,5.2149496476829495e-05,0.5167000468628046,0.0002358983002965132,0.6643846435764361,5.730941384212524e-05,2.8138176529732286e-05,1.0989447207335614
2015-03-17,4.691748238540657e-05,0.5100179725445138,0.00020856666144502186,0.6636268442819266,5.045163847218784e-05,2.794601564264237e-05,1.0753270616217154
2015-03-18,5.051902620859181e-05,0.5149143512288535,0.00018481370909492233,0.762300177699552,4.975418001407634e-05,2.9905105175195907e-05,0.9848602348082198
2015-03-19,5.142834644805491e-05,0.5158258642218048,0.0001730914090256129,0.6988250383120773,4.866784895786894e-05,2.7150091410725505e-05,0.9463234250983705
2015-03-20,5.066833282542825e-05,0.5162917486187453,0.0001564749045849061,0.7269741668790308,4.597119987363481e-05,2.9963530108006453e-05,0.9072964771117128
2015-03-23,5.007282454924587e-05,0.5216955192914391,0.00012128728438023498,0.7509705930310846,4.0656106739956295e-05,3.2349807079057474e-05,0.8119395521611054
2015-03-24,4.2218867344400384e-05,0.5274696005006416,0.00011270839300049112,0.7418013692950687,3.638554235836086e-05,3.139026013255441e-05,0.8618313244063565
2015-03-25,4.692159710753298e-05,0.5390769835681253,0.00010703254309962953,0.7408785039867444,3.820279208348791e-05,2.8198283158541926e-05,0.8141835410234721
2015-03-26,4.732340893496746e-05,0.5504641615749517,0.0001013401140890368,0.7436469731299657,3.812042678980429e-05,2.8184527327539433e-05,0.8055300251549916
2015-03-27,4.354358066573599e-05,0.5666038884937237,8.430868882031233e-05,0.7442639022185746,3.433031495235349e-05,2.8206614989532366e-05,0.7884127677944427
2015-03-30,4.5502666776921666e-05,0.5786974523676058,7.956670885791512e-05,0.7339144216802581,3.4820555304778426e-05,2.563462489869728e-05,0.7652420785684354
2015-03-31,3.983451498744685e-05,0.5694126318401215,7.918164196990414e-05,0.737296085754781,3.197931197741994e-05,2.566454576674849e-05,0.8028041006021451
2015-04-01,4.176214734580363e-05,0.5712177845283435,7.818067329812255e-05,0.7097061309107042,3.2639450176190986e-05,2.4524430936902676e-05,0.7815558406498146
2015-04-02,4.894523588776545e-05,0.5726036350879545,7.493080358016507e-05,0.7187473124076175,3.4676839532903555e-05,2.5354691733807737e-05,0.7084824274301131
2015-04-06,4.8199312485919956e-05,0.5803397701057273,7.44943488399058e-05,0.7556617601797642,3.4774782251796104e-05,2.5911961755994854e-05,0.7214788024612292
2015-04-07,4.533264144371158e-05,0.5976049972739695,7.32760019688765e-05,0.7816800589363947,3.444297178765028e-05,2.9086339499600466e-05,0.7597830325068806
2015-04-08,4.177649686660928e-05,0.5743547943348778,7.591946826659804e-05,0.7549337056222684,3.234616811006947e-05,2.80782934246915e-05,0.7742671247268414
2015-04-09,4.664355209638432e-05,0.5478084936477234,8.091157873642495e-05,0.7363340322752813,3.3653474376963226e-05,2.814753909273935e-05,0.7215032488825386
2015-04-10,4.853778747139849e-05,0.5437374000868129,8.842152408299669e-05,0.7558375978145249,3.5621171006927704e-05,2.8704345204188604e-05,0.7338853471208989
2015-04-13,4.467938122611643e-05,0.5255333072000032,9.699995663640632e-05,0.7664949361031371,3.459709155832283e-05,2.9261801387194696e-05,0.7743413317035778
2015-04-14,4.646938254229903e-05,0.5650084121427393,9.628464304233652e-05,0.7567886187321361,3.77934794623946e-05,2.8874547182763237e-05,0.8132985074202969
2015-04-15,4.691423215315267e-05,0.5323482073663909,9.989034628212165e-05,0.7442074532389114,3.644264257854364e-05,2.982978349774877e-05,0.7767929028354494
2015-04-16,4.176974619173272e-05,0.5107264216904974,0.00010447852633154024,0.7828774108978543,3.373904327676676e-05,3.296475917401897e-05,0.8077387667594822
2015-04-17,4.332386275975345e-05,0.5127340083233008,0.00011041507510954893,0.7625870955041798,3.546254466880629e-05,3.0108781793859224e-05,0.8185453099013579
2015-04-20,4.305137811564542e-05,0.4955930873068939,0.00010985121208140894,0.810691500202753,3.408169579903108e-05,3.059320994684381e-05,0.7916516797088397
2015-04-21,4.4326391543702614e-05,0.5026701002956534,0.0001142764024532681,0.8360211846462764,3.57760610108107e-05,3.256940551422551e-05,0.8071051977136035
2015-04-22,3.760113128202133e-05,0.5163013880856742,0.00011595055605336481,0.8227287065384479,3.409103340462632e-05,3.177765948535526e-05,0.9066491417221445
2015-04-23,3.981692672329287e-05,0.5277818671902449,0.0001112963295582727,0.8344947976797054,3.513409361742901e-05,3.210160113230014e-05,0.8823908952489693
2015-04-24,4.472325784062566e-05,0.5315000027668978,0.00011285852262657583,0.9912108013956944,3.7760450546171935e-05,4.770107790546888e-05,0.8443135041891143
2015-04-27,4.8016264703360416e-05,0.5284051708150596,0.00011401749552511679,0.9894065771553924,3.909732042187924e-05,4.748957618645338e-05,0.8142516012734121
2015-04-28,4.837591330570472e-05,0.5337233857111241,0.00011572982762762121,0.9941371550342788,3.993498026259485e-05,4.903160573859964e-05,0.825513722298769
2015-04-29,4.7158652268819175e-05,0.5277693451124689,0.00012230208701368548,1.036770170176099,4.008129895210822e-05,5.0811286391572606e-05,0.849924606064486
2015-04-30,4.7296624411946914e-05,0.5486144700353619,0.00012389537693386545,1.0685407490662404,4.199618902738594e-05,5.019597312876004e-05,0.8879320575101738
2015-05-01,5.0018555724514286e-05,0.5909196175173338,0.0001201132186464198,1.0025645828998169,4.5802521174769675e-05,4.52941352330619e-05,0.9157105900265265
2015-05-04,4.992916004912971e-05,0.5931518731139159,0.00012420824011427005,1.0546419305032342,4.6710900569464635e-05,5.38352635350375e-05,0.9355434884845181
2015-05-05,5.102770643270727e-05,0.593957895780887,0.00012595914429497872,1.0988452142219696,4.761826142343092e-05,5.3244668295372445e-05,0.9331844355228359
2015-05-06,5.61480236098465e-05,0.6065502834320997,0.000128364730545532,1.0929484295311176,5.149403260724492e-05,5.662775287839572e-05,0.9171121135992145
2015-05-07,5.2055366505413186e-05,0.6056875166900022,0.00013020582928469955,1.135112421502253,4.986508815164151e-05,6.150529443444334e-05,0.9579240623818505
2015-05-08,4.9463315458690945e-05,0.6273383270216578,0.00013424015783291694,1.1536144344690542,5.111927196955937e-05,5.851256772234311e-05,1.0334784778479191
2015-05-11,4.237087867236375e-05,0.6525464533874494,0.00013643819537505637,1.1640988585451466,4.961501786005644e-05,5.844735673101623e-05,1.17096976543037
2015-05-12,4.7490306282055044e-05,0.6539652586148095,0.00014212205843408098,1.176381062685127,5.372642053643873e-05,6.0463931333537784e-05,1.13131341409647
2015-05-13,4.663897325113825e-05,0.6399488885648322,0.00013805450225034386,1.1778665154794457,5.135054613250082e-05,6.054969098060635e-05,1.1010222256821998
2015-05-14,4.9144732522979803e-05,0.6631555800193646,0.00013735199244583192,1.2301700422517754,5.4484302814106156e-05,6.031953197449855e-05,1.1086499003454664
2015-05-15,5.102390807027307e-05,0.6692261525933203,0.0001427431234706285,1.236277428084129,5.711331413979843e-05,6.1021826642985404e-05,1.1193441721700086
2015-05-18,5.1224895533544154e-05,0.6736190498263407,0.00014685018704604485,1.2158077010705302,5.8424116433962246e-05,5.980042490817903e-05,1.1405414462134675
2015-05-19,5.107054978153525e-05,0.6745646624470616,0.00015492359855596763,1.2417435287757383,6.0002264528836735e-05,6.190053012809316e-05,1.174889731665485
2015-05-20,4.960583034370502e-05,0.6741841116844405,0.0001598082936841791,1.261972413506172,6.0026708845328427e-05,6.578537489439566e-05,1.210073663305705
2015-05-21,4.7917991249736124e-05,0.681865110229587,0.000160961246254702,1.2891257114112349,5.988367350932304e-05,6.763657503957168e-05,1.2497116833889153
2015-05-22,4.8649795894238564e-05,0.684589190439525,0.0001551381135168535,1.2599843659388028,5.947436334568553e-05,7.066943190311329e-05,1.2224997505637816
2015-05-26,5.2044924254716454e-05,0.6895107919229636,0.00015918173130778534,1.2590366500849195,6.275912360876354e-05,6.88083743456401e-05,1.2058644432185168
2015-05-27,5.41376103742017e-05,0.6915479509811784,0.00016215640846280898,1.2564997519588812,6.479461270929028e-05,6.607259456033182e-05,1.1968502536670325
2015-05-28,5.2639353679274204e-05,0.7041729577412716,0.00016652147711538226,1.2625292335359797,6.592797619667457e-05,6.641477624594971e-05,1.2524465364519193
2015-05-29,4.7121939363217764e-05,0.7104740982224367,0.00016897505375379978,1.2566187766609096,6.33973528215393e-05,6.534897000630165e-05,1.3453892959046105
2015-06-01,4.566975475334599e-05,0.7171559472375465,0.00017138940609337392,1.2562153016075193,6.344829132263227e-05,6.52764868607404e-05,1.3892846954249023
2015-06-02,4.848176142599366e-05,0.7223459419287329,0.00017310010159854957,1.2566244663026749,6.617334581917583e-05,6.562364607376608e-05,1.3649121622816445
2015-06-03,4.583723039523311e-05,0.7217807796749486,0.0001726555940573345,1.2292440870064427,6.421031853263512e-05,6.573060409624095e-05,1.4008332959687881
2015-06-04,5.208668778062701e-05,0.7118998448520356,0.00017468807533881192,1.2309569687841766,6.79068990377967e-05,6.402263188562318e-05,1.303728494386119
2015-06-05,5.356843740955158e-05,0.6945741086024032,0.00018373877805082434,1.2453431020655978,6.890861026237211e-05,6.918413700047159e-05,1.2863658824979145
2015-06-08,5.4875341169450945e-05,0.6916270614934585,0.00018575776351001657,1.259342646892886,6.982871998736035e-05,7.123294232584786e-05,1.2724972364496923
2015-06-10,5.7400521339002106e-05,0.696753881688716,0.0001904833633756931,1.2444446120606274,7.285608676084425e-05,6.637980853681731e-05,1.2692582760801598
2015-06-11,5.7399555912391706e-05,0.690840475413433,0.00019165156486238683,1.258649512067583,7.245831416407665e-05,6.722501729915219e-05,1.2623497344590775
2015-06-12,5.544172754801711e-05,0.6877278487060563,0.00018783686068253358,1.2804263446568571,7.018194480064578e-05,6.763938732859145e-05,1.2658686499236955
2015-06-15,5.424960916028536e-05,0.6872949527103008,0.00018452442652674476,1.289548879250524,6.87651498252942e-05,6.782106533517073e-05,1.2675694975446066
2015-06-16,5.423174022350414e-05,0.6866227348829513,0.0001818022068134847,1.305728569049886,6.817804205127144e-05,6.961950010108267e-05,1.257161244877828
2015-06-17,5.412494915971205e-05,0.6826562492064874,0.00018183946128386385,1.4334803550714532,6.772435678170566e-05,9.017684702343942e-05,1.2512594992350838
2015-06-18,5.572982074389677e-05,0.686085645675349,0.00017740896424053493,1.4205992406773662,6.821972059410941e-05,0.00011492008996401647,1.2241151987121808
2015-06-19,6.241618085312648e-05,0.6942098079893586,0.00018265360272099937,1.3665924886552825,7.412308089477664e-05,0.0001579512529644651,1.1875619411767286
2015-06-22,6.257165974145031e-05,0.6903834405205649,0.00018434427951312022,1.326272890902202,7.414707716037102e-05,0.00015426865831014193,1.184994572091439
2015-06-23,5.295413252336654e-05,0.6900112807002675,0.0001867600517749433,1.3253445456315636,6.861958903163532e-05,0.00020209828958907172,1.295830670087103
2015-06-24,5.124155217210486e-05,0.68970468177917,0.00019193743601573357,1.2916376072119051,6.839969368806868e-05,0.00021585037219713223,1.3348482001156954
2015-06-25,5.1531038942745836e-05,0.6946614176457725,0.0001933035641123831,1.2899865286737435,6.933101501460716e-05,0.00021551756237131532,1.345422417965184
2015-06-26,9.885673436567757e-05,0.7427760868331014,0.00021717846918959318,1.281280484581758,0.0001088352119164448,0.0002154072370709865,1.1009387738204681
2015-06-29,0.00010219846828200267,0.7739369915307794,0.0002469496717661742,1.3059741998941925,0.00012295098856609005,0.0002327097030814217,1.203060971783096
2015-06-30,8.697755639475864e-05,0.7905357505975168,0.00025562401089212095,1.2857415873351878,0.00011787614883277615,0.00024061924621603256,1.3552478790940083
2015-07-01,9.667073925185136e-05,0.8011296015964224,0.000270388566797176,1.2852222058069565,0.0001295222740729083,0.00023814994403886225,1.3398291465990604
2015-07-02,9.521395937942913e-05,0.8065041580777903,0.00026828799264194355,1.284013181056722,0.00012890137245721896,0.0002434541351877383,1.353807501519236
2015-07-06,0.000172264093177785,0.8113996194955747,0.00028381722801196403,1.283563074476967,0.00017941202906448579,0.00026324936383401734,1.041494055753823
2015-07-07,0.00016730584927433944,0.8010939450021589,0.00030075706399153263,1.3021664948558065,0.00017969952530503692,0.0002698156760603932,1.0740779601218544
2015-07-08,0.00018325021701855255,0.7987876630062212,0.0003178298935810291,1.292934249465013,0.0001927751140724425,0.0002619477950130503,1.0519775485609693
2015-07-09,0.00017483634785152047,0.7924589562303138,0.0003290422359534502,1.285521822013401,0.00019007214021758755,0.0002610999171580096,1.0871431630395645
2015-07-10,0.0001852458943863911,0.8031346374489307,0.0003378837010839154,1.2910631464945947,0.00020093068904575493,0.0002570047514475919,1.0846701337771516
2015-07-13,0.00021177015433928543,0.829598589897376,0.00035666655317732345,1.2930647540403883,0.00022799828179316412,0.0002585029137627095,1.0766308524660135
2015-07-14,0.0001959846645507268,0.8337431903693959,0.00036177824147140515,1.2812850973815175,0.00022200592562685674,0.00025806733867099425,1.132771924455318
2015-07-15,0.00017788056160659394,0.8302899012928333,0.0003931232193928226,1.2814943905027358,0.00021956259220167742,0.0002581244676895242,1.2343259444349446
2015-07-16,0.00018174519139179188,0.8076713063909519,0.0004020309934277153,1.2546020975934726,0.00021832118823474772,0.00026171549236668734,1.2012487734220612
2015-07-17,0.00017984339911716185,0.7913710724099288,0.0004060857272799482,1.2548326710574027,0.00021386331043437431,0.00026294041993006937,1.1891640809960984
2015-07-20,0.0001933298802508964,0.8146556694915625,0.00040324054619694094,1.2437550272721811,0.00022746033394108948,0.00026398295859884473,1.176539982572274
2015-07-21,0.00019419877324157122,0.825294480110091,0.0003965492573386197,1.245021943822823,0.00022902387151328826,0.00026415013339571423,1.179327076533057
2015-07-22,0.00018582236281108658,0.8300520879127953,0.0004030911683155277,1.2454146895073084,0.00022717261476042614,0.00026430556824619456,1.2225257031704932
2015-07-23,0.00018795658724473803,0.8317589491303214,0.0004025514700712041,1.2469517277758606,0.000228789962008467,0.0002643324265761346,1.2172489688300197
2015-07-24,0.00019329917782205091,0.8312716971069686,0.0004127740704035692,1.2323192033401045,0.00023480870936656105,0.0002745344763616375,1.2147424112829044
